INDEX,PM2.5
1,43.105873
2,50.235695
3,47.139496
4,42.11555
5,29.932463
6,28.467955
7,28.245205
8,31.80517
9,46.069656
10,62.82824
11,79.84281
12,81.67407
13,66.378006
14,72.472206
15,90.39631
16,90.174255
17,80.47937
18,54.22018
19,48.201027
20,47.1596
21,45.33177
22,48.70167
23,44.982605
24,53.233982
25,61.12302
26,69.491745
27,70.49544
28,67.96014
29,71.44638
30,80.61581
31,81.552956
32,99.07189
33,96.149315
34,92.79714
35,89.41066
36,94.07624
37,91.584885
38,85.11218
39,72.12063
40,64.87193
41,59.811916
42,51.920193
43,52.87555
44,52.141678
45,52.669178
46,55.35067
47,55.06681
48,52.388554
49,49.044704
50,56.003426
51,59.921936
52,62.57585
53,64.36661
54,71.382744
55,77.34614
56,94.779526
57,97.01478
58,99.31648
59,88.510216
60,88.465805
61,87.62586
62,81.76119
63,76.024605
64,67.33899
65,64.20142
66,73.414345
67,70.25173
68,75.350365
69,78.6414
70,74.31179
71,68.76576
72,68.66992
73,62.655323
74,65.13635
75,57.71638
76,53.048786
77,50.88518
78,49.451138
79,51.42236
80,48.42007
81,53.897953
82,55.502865
83,72.62803
84,81.57409
85,77.710945
86,81.18034
87,77.22845
88,70.702354
89,63.409256
90,56.520275
91,51.78909
92,53.260777
93,60.54831
94,63.96683
95,65.68933
96,65.33632
97,74.47493
98,68.492546
99,60.817158
100,64.657684
101,69.150185
102,63.64282
103,75.84023
104,61.783463
105,50.718784
106,49.459293
107,57.7764
108,58.352562
109,51.15935
110,48.26862
111,40.55102
112,28.47966
113,25.437716
114,28.128233
115,38.07061
116,40.298534
117,48.266907
118,60.12035
119,63.165554
120,66.98074
121,66.2097
122,74.48763
123,83.325
124,81.798676
125,73.54684
126,69.66703
127,82.045876
128,94.26534
129,100.95982
130,99.34386
131,101.46816
132,85.92083
133,91.82639
134,77.35496
135,60.817616
136,57.12115
137,69.830055
138,59.271458
139,58.0631
140,64.8941
141,65.05278
142,64.47889
143,57.70532
144,63.32901
145,56.162785
146,61.324085
147,68.46265
148,79.30038
149,96.65668
150,100.125824
151,103.69849
152,98.0794
153,103.12122
154,97.9697
155,67.79186
156,45.72973
157,52.72547
158,40.01782
159,22.159716
160,39.901608
161,45.56468
162,55.542355
163,61.055122
164,63.167866
165,70.54252
166,85.125374
167,94.50376
168,91.98611
169,89.28566
170,96.80161
171,98.73385
172,101.291435
173,88.91234
174,84.22204
175,72.2874
176,72.9171
177,57.4988
178,46.643585
179,35.53
180,34.710987
181,32.651337
182,35.99016
183,50.1954
184,61.596058
185,58.931465
186,55.651234
187,57.16576
188,62.376785
189,57.923878
190,59.045013
191,54.150013
192,48.712452
193,41.05276
194,44.911
195,42.499626
196,41.825314
197,42.07799
198,42.86743
199,40.216236
200,36.351936
201,32.36451
202,35.668102
203,39.133015
204,44.201263
205,46.258247
206,50.554996
207,73.04074
208,117.20776
209,106.083374
210,106.94881
211,112.970695
212,113.0822
213,107.18597
214,77.06781
215,53.340363
216,46.915493
217,47.279346
218,49.106487
219,39.65963
220,41.91679
221,43.75325
222,48.3065
223,47.41034
224,54.983788
225,64.79629
226,67.86144
227,78.170235
228,69.27344
229,76.42401
230,72.25917
231,82.53869
232,91.26141
233,100.48488
234,108.11277
235,114.277275
236,106.0452
237,93.7291
238,83.4889
239,74.42756
240,68.57724
241,70.001656
242,70.230934
243,69.21381
244,72.37271
245,69.19802
246,58.11857
247,51.210316
248,59.544384
249,54.341587
250,61.501484
251,73.83626
252,83.622185
253,94.686775
254,88.665115
255,84.27141
256,74.68082
257,71.077896
258,70.81693
259,83.3286
260,81.71373
261,80.87723
262,62.97971
263,62.351524
264,50.644917
265,54.023846
266,43.64267
267,47.84672
268,42.235683
269,40.443348
270,39.41041
271,41.54348
272,61.964085
273,70.11311
274,79.33299
275,84.601555
276,92.11002
277,85.82683
278,71.49267
279,68.131905
280,60.28267
281,57.37127
282,57.072113
283,64.1218
284,64.39156
285,66.37308
286,63.583347
287,60.69208
288,61.269627
289,58.665394
290,58.48539
291,47.25485
292,39.11219
293,38.08191
294,42.22266
295,53.822353
296,62.33179
297,68.67387
298,66.32489
299,66.857315
300,64.510544
301,66.58788
302,61.330105
303,51.189823
304,62.629314
305,87.11775
306,76.243965
307,61.4118
308,54.8831
309,49.299232
310,43.45682
311,40.44149
312,36.487423
313,43.86331
314,40.801636
315,42.451756
316,29.26407
317,28.665482
318,26.477255
319,30.818579
320,27.418232
321,26.929045
322,33.03283
323,42.316154
324,41.561237
325,43.578297
326,36.45857
327,33.19825
328,31.720713
329,40.181274
330,53.98138
331,48.234325
332,45.70344
333,46.03814
334,50.26028
335,59.300686
336,57.75443
337,58.547676
338,56.087814
339,53.259354
340,49.296436
341,45.782192
342,51.352478
343,49.813583
344,51.607033
345,42.73279
346,38.697445
347,30.95821
348,29.386787
349,35.066227
350,44.028652
351,46.361404
352,47.657722
353,45.155857
354,47.421833
355,45.498135
356,46.546947
357,44.957066
358,43.139133
359,34.20768
360,29.049067
361,24.531397
362,17.917486
363,14.644948
364,16.368567
365,24.11772
366,19.919886
367,19.044626
368,23.042017
369,25.199919
370,27.75889
371,31.627485
372,37.51266
373,41.329636
374,32.684917
375,39.943127
376,49.523598
377,61.40817
378,58.447975
379,52.686264
380,48.16805
381,45.97199
382,49.01769
383,48.858364
384,41.06344
385,39.380966
386,37.834354
387,38.66766
388,35.06895
389,33.20152
390,36.494854
391,41.581264
392,46.5944
393,48.82132
394,53.92793
395,57.588764
396,66.60587
397,67.899536
398,60.84213
399,56.70772
400,54.360584
401,59.11719
402,53.36486
403,54.61155
404,52.473217
405,48.249874
406,41.33217
407,35.76619
408,36.251984
409,34.506435
410,35.3883
411,27.735332
412,33.87318
413,40.58188
414,46.695114
415,56.3508
416,65.085815
417,60.202644
418,54.66777
419,55.654552
420,55.74598
421,58.80732
422,48.66427
423,45.960217
424,40.89813
425,44.450596
426,44.46316
427,34.92692
428,36.988583
429,43.173412
430,46.296432
431,46.142056
432,47.337757
433,56.27353
434,52.451427
435,46.37645
436,47.091064
437,49.087097
438,52.84686
439,47.747406
440,51.828484
441,44.19907
442,57.28894
443,61.730072
444,47.49622
445,68.308205
446,66.65652
447,48.896915
448,46.697464
449,37.692883
450,30.74518
451,31.987146
452,37.99223
453,42.245754
454,37.014767
455,37.985477
456,43.02181
457,44.9723
458,47.32571
459,44.064632
460,47.72933
461,46.691593
462,45.056747
463,38.84525
464,37.959904
465,32.00754
466,28.398186
467,31.572096
468,30.622486
469,43.08874
470,66.68297
471,107.88426
472,105.49024
473,105.04441
474,104.49134
475,110.73432
476,116.08344
477,94.58684
478,78.1986
479,68.893196
480,66.02204
481,83.66588
482,77.973
483,78.55693
484,59.455135
485,61.69521
486,56.59239
487,49.66941
488,43.690952
489,41.700768
490,42.948227
491,41.59474
492,40.53709
493,44.902416
494,51.975193
495,63.90524
496,77.521866
497,70.97378
498,72.00324
499,68.97822
500,74.20337
501,67.66341
502,55.32128
503,51.356117
504,53.871784
505,50.361504
506,38.095234
507,30.469694
508,28.370174
509,32.77469
510,27.015116
511,22.815807
512,25.107548
513,28.013144
514,29.238
515,27.270962
516,30.768892
517,43.712456
518,55.57888
519,66.49627
520,86.04382
521,73.54597
522,61.409996
523,62.64362
524,69.13711
525,82.620285
526,83.20576
527,73.23049
528,72.54472
529,62.4122
530,61.24329
531,57.281597
532,54.66032
533,56.67601
534,55.70561
535,58.035152
536,51.215267
537,55.45784
538,61.108986
539,78.33792
540,83.72747
541,87.03762
542,76.735466
543,66.27833
544,62.961403
545,78.676796
546,79.37596
547,85.255516
548,90.40573
549,94.03522
550,77.09215
551,64.56664
552,57.610653
553,65.843506
554,65.936745
555,70.236145
556,65.076805
557,62.59763
558,59.753017
559,60.09132
560,61.397453
561,63.50912
562,65.63815
563,70.11572
564,68.69812
565,71.01739
566,66.765045
567,69.733864
568,77.62418
569,77.3905
570,72.288795
571,61.66087
572,59.473454
573,59.666965
574,49.1217
575,43.135754
576,43.690723
577,41.710506
578,30.5835
579,24.222946
580,18.819319
581,16.959229
582,15.61436
583,20.151995
584,29.851948
585,31.460331
586,29.951338
587,38.231953
588,40.330193
589,38.77617
590,35.317287
591,37.85426
592,42.718853
593,58.0415
594,51.860535
595,51.87362
596,64.84626
597,66.10627
598,67.93687
599,57.625042
600,47.730686
601,37.373055
602,33.293163
603,31.510485
604,28.492655
605,32.244354
606,33.081726
607,35.363667
608,32.72832
609,29.260603
610,22.739902
611,23.879896
612,49.95692
613,32.93766
614,43.882538
615,49.523212
616,74.74732
617,76.290054
618,75.015015
619,72.128
620,64.43146
621,62.224903
622,53.927032
623,54.111088
624,47.790607
625,51.16803
626,52.26328
627,54.332726
628,52.457584
629,56.96022
630,58.913097
631,57.26057
632,60.129494
633,60.14288
634,60.52772
635,57.95618
636,29.710642
637,26.878283
638,44.915188
639,53.71802
640,59.41543
641,63.110256
642,65.571396
643,64.12657
644,59.495922
645,63.857014
646,54.64546
647,49.4764
648,53.263596
649,63.891582
650,62.910202
651,66.452995
652,55.24724
653,54.723892
654,59.729168
655,55.952484
656,65.26556
657,65.39142
658,68.933426
659,57.9931
660,47.44058
661,40.103626
662,38.62763
663,35.91736
664,40.360203
665,41.55727
666,48.81609
667,48.021465
668,49.8472
669,44.06265
670,44.91137
671,42.884315
672,45.57215
673,39.795616
674,39.78194
675,41.40469
676,46.505917
677,56.098988
678,67.85873
679,79.47066
680,75.12098
681,73.40594
682,68.635864
683,70.81793
684,68.78334
685,59.603596
686,51.175735
687,45.568264
688,45.9267
689,58.70698
690,58.909267
691,64.89404
692,53.191505
693,56.655834
694,53.704323
695,53.684513
696,51.217907
697,47.895016
698,51.133663
699,51.95373
700,57.897312
701,55.373257
702,55.527325
703,53.249393
704,63.517056
705,64.41595
706,61.07231
707,47.019203
708,40.43445
709,35.35813
710,60.02789
711,82.90307
712,90.577515
713,84.9372
714,83.588585
715,81.11826
716,86.85352
717,94.09219
718,72.37022
719,56.108356
720,55.752163
721,51.08673
722,49.63258
723,49.450665
724,44.246716
725,35.477062
726,27.706038
727,48.104275
728,48.159428
729,41.764305
730,18.242857
731,15.147321
732,19.05001
733,21.670763
734,35.36261
735,53.476498
736,63.385143
737,64.210434
738,64.4107
739,61.3865
740,64.17128
741,50.242405
742,49.379726
743,49.30494
744,46.414303
745,39.280014
746,28.437231
747,21.406275
748,19.468088
749,23.522615
750,31.423729
751,30.368114
752,29.588913
753,23.696121
754,25.011896
755,34.06097
756,44.839054
757,43.27838
758,43.461445
759,42.66547
760,60.292076
761,64.96869
762,66.44384
763,66.19159
764,69.78358
765,60.659966
766,56.180496
767,42.605175
768,38.747524
769,40.286194
770,38.447433
771,33.612473
772,26.644888
773,28.120258
774,19.733866
775,17.053606
776,17.996946
777,16.685947
778,18.975231
779,11.672532
780,17.705359
781,22.155554
782,33.002136
783,45.95923
784,76.38401
785,83.056175
786,81.457405
787,80.90852
788,94.07666
789,89.607864
790,85.9084
791,62.88837
792,59.96479
793,56.739037
794,64.25129
795,60.225365
796,52.986347
797,49.316563
798,52.18498
799,57.223095
800,61.250095
801,59.139828
802,55.60779
803,57.082203
804,62.590065
805,67.412766
806,62.17162
807,62.582745
808,60.545788
809,58.46291
810,55.002567
811,50.454964
812,53.661987
813,44.384865
814,47.526012
815,39.207928
816,48.365112
817,46.670208
818,54.539013
819,52.38093
820,52.220463
821,52.423664
822,54.57879
823,54.198135
824,67.53138
825,69.948555
826,61.924526
827,66.821815
828,72.09703
829,70.303635
830,73.8038
831,66.40647
832,71.34439
833,69.82046
834,73.63825
835,70.94756
836,65.08705
837,64.18392
838,51.642715
839,53.9737
840,57.21683
841,67.11369
842,74.76986
843,78.001686
844,73.39263
845,71.83024
846,72.26948
847,72.65022
848,74.80984
849,73.63302
850,72.058784
851,63.924603
852,54.409306
853,43.62835
854,39.79194
855,43.769157
856,46.612442
857,54.594627
858,53.88729
859,49.28137
860,51.06824
861,55.728252
862,75.3305
863,76.700676
864,76.355385
865,68.58487
866,70.13042
867,68.279724
868,61.195488
869,55.032932
870,54.783867
871,51.410263
872,57.363327
873,59.427795
874,59.235054
875,65.74906
876,63.923927
877,68.04581
878,65.4892
879,89.506195
880,108.12362
881,100.9492
882,90.38064
883,79.924194
884,76.76001
885,84.42807
886,99.22985
887,94.65058
888,84.206825
889,71.44499
890,68.98874
891,68.418526
892,72.672455
893,76.85719
894,80.534546
895,72.17026
896,73.43304
897,72.33732
898,87.05918
899,96.14419
900,108.48849
901,108.021904
902,106.51814
903,106.5769
904,88.78552
905,69.47637
906,67.78658
907,67.72055
908,67.133026
909,70.64291
910,60.13189
911,59.76619
912,54.813313
913,54.061203
914,48.815273
915,41.95325
916,33.246716
917,28.27038
918,34.855614
919,42.800438
920,46.10798
921,43.609943
922,48.094944
923,51.652935
924,59.627773
925,55.929806
926,52.48447
927,54.951168
928,48.484028
929,49.21023
930,52.054707
931,59.821255
932,60.402428
933,70.12948
934,58.456715
935,49.735966
936,37.517685
937,38.648872
938,38.462322
939,34.298862
940,29.1472
941,31.704773
942,40.26547
943,43.44101
944,37.793453
945,32.965927
946,33.252754
947,55.072376
948,75.98809
949,75.81361
950,77.09033
951,46.13882
952,85.31453
953,85.64881
954,85.528786
955,87.863014
956,68.101524
957,47.51759
958,47.07894
959,48.4795
960,60.25293
961,66.23094
962,70.69453
963,77.39822
964,70.9751
965,65.795616
966,53.74024
967,56.59976
968,50.65308
969,56.556168
970,63.338356
971,69.42182
972,68.07517
973,71.70125
974,76.55984
975,82.72184
976,90.18606
977,86.26453
978,90.35454
979,106.84471
980,99.71006
981,99.21787
982,80.3568
983,76.68398
984,73.38227
985,79.9662
986,73.72413
987,75.58732
988,68.232704
989,67.188774
990,55.242527
991,51.58022
992,52.516224
993,52.21276
994,51.464676
995,46.844986
996,52.748096
997,52.490993
998,57.121445
999,60.333855
1000,66.01155
1001,65.60054
1002,68.0411
1003,74.85058
1004,89.84926
1005,100.209885
1006,92.42165
1007,85.0499
1008,71.90917
1009,61.954823
1010,61.73824
1011,60.37473
1012,57.64266
1013,61.46668
1014,67.87029
1015,64.93134
1016,55.289555
1017,50.08372
1018,53.26059
1019,60.395382
1020,61.034634
1021,56.02052
1022,47.51239
1023,47.40821
1024,44.506462
1025,58.965588
1026,63.837734
1027,63.974716
1028,54.513073
1029,51.62831
1030,47.03205
1031,43.914196
1032,33.952824
1033,29.846146
1034,26.967497
1035,25.40508
1036,28.933144
1037,33.887093
1038,35.978916
1039,43.622074
1040,53.26974
1041,47.712086
1042,44.103794
1043,54.45269
1044,68.91515
1045,68.87725
1046,58.514954
1047,50.49558
1048,57.839046
1049,57.072056
1050,64.20551
1051,78.33178
1052,76.357925
1053,79.943825
1054,72.41723
1055,65.75934
1056,68.092575
1057,62.853985
1058,54.384563
1059,53.600517
1060,57.638763
1061,59.261944
1062,58.689137
1063,56.654675
1064,61.7295
1065,51.742046
1066,67.54313
1067,87.06097
1068,91.311935
1069,90.19499
1070,82.71813
1071,77.5832
1072,72.84591
1073,60.3493
1074,74.27732
1075,70.60482
1076,70.26937
1077,71.039215
1078,58.064842
1079,49.167583
1080,42.912746
1081,43.00913
1082,43.82658
1083,49.949158
1084,48.34482
1085,45.139477
1086,47.16846
1087,50.16409
1088,51.36083
1089,62.802036
1090,80.461296
1091,87.11734
1092,82.5921
1093,66.326126
1094,55.777504
1095,50.830315
1096,47.032585
1097,49.44104
1098,50.058628
1099,60.376312
1100,68.89147
1101,76.975105
1102,79.02876
1103,72.68273
1104,77.321434
1105,75.15345
1106,76.76919
1107,79.31577
1108,81.64931
1109,101.39025
1110,92.07557
1111,80.42506
1112,104.84773
1113,92.88105
1114,88.49145
1115,76.9265
1116,76.56837
1117,73.42591
1118,57.230934
1119,44.41875
1120,41.27011
1121,52.970425
1122,51.38257
1123,37.098145
1124,48.75718
1125,52.2188
1126,69.294945
1127,69.24205
1128,68.41602
1129,59.083702
1130,52.08252
1131,40.16513
1132,40.11211
1133,40.980568
1134,46.172234
1135,46.974976
1136,47.958626
1137,46.43752
1138,44.404537
1139,51.64561
1140,49.27348
1141,48.79937
1142,38.611317
1143,18.606594
1144,22.940912
1145,34.01783
1146,28.204803
1147,23.067883
1148,24.224733
1149,27.183332
1150,42.596676
1151,50.65807
1152,63.5808
1153,61.56209
1154,57.75521
1155,55.175915
1156,63.7152
1157,60.310154
1158,66.93972
1159,86.60999
1160,100.85547
1161,90.51465
1162,87.14028
1163,85.68871
1164,90.43191
1165,101.18421
1166,94.93998
1167,79.84439
1168,72.38758
1169,64.91738
1170,65.91038
1171,82.00168
1172,88.87233
1173,93.972755
1174,95.9467
1175,89.784546
1176,88.14057
1177,87.16935
1178,80.70818
1179,73.54696
1180,68.65738
1181,74.096405
1182,87.32001
1183,96.95606
1184,91.56336
1185,97.17212
1186,91.308235
1187,91.27707
1188,86.53531
1189,85.625206
1190,82.60529
1191,73.49254
1192,72.03315
1193,70.87117
1194,73.40874
1195,71.207146
1196,73.362236
1197,69.77016
1198,81.39656
1199,90.241035
1200,83.78417
1201,80.94732
1202,75.95809
1203,81.060455
1204,85.164185
1205,83.50277
1206,80.090645
1207,75.2731
1208,85.65862
1209,80.602005
1210,73.11193
1211,66.782524
1212,54.116405
1213,38.724804
1214,21.658503
1215,22.12571
1216,20.127079
1217,29.258287
1218,21.030611
1219,29.598219
1220,43.409855
1221,50.443157
1222,71.85688
1223,77.79466
1224,92.74085
1225,99.41747
1226,102.569466
1227,100.868576
1228,88.37045
1229,86.83981
1230,82.98848
1231,76.096214
1232,68.1955
1233,61.912155
1234,59.827763
1235,64.8654
1236,59.286633
1237,68.73948
1238,74.68916
1239,68.16795
1240,59.635624
1241,74.709435
1242,77.248146
1243,83.58726
1244,86.4342
1245,84.47857
1246,80.17396
1247,74.19926
1248,66.51458
1249,54.714146
1250,61.3456
1251,72.06779
1252,65.439644
1253,64.696365
1254,59.46516
1255,65.73017
1256,63.949764
1257,68.55735
1258,63.313747
1259,75.914085
1260,70.08582
1261,84.76217
1262,75.81826
1263,75.23704
1264,70.60468
1265,71.39715
1266,82.52395
1267,70.602425
1268,73.27492
1269,66.348274
1270,73.0914
1271,75.05653
1272,80.71471
1273,71.684425
1274,70.88842
1275,61.531445
1276,57.784023
1277,47.264244
1278,39.07998
1279,50.850193
1280,57.029213
1281,71.209496
1282,62.478878
1283,69.54485
1284,59.286694
1285,56.53647
1286,44.556286
1287,55.378292
1288,71.93113
1289,89.22868
1290,100.73757
1291,90.95572
1292,83.77971
1293,72.099846
1294,60.90532
1295,48.465977
1296,46.23416
1297,45.929504
1298,47.8861
1299,38.852207
1300,29.95925
1301,28.36769
1302,36.28297
1303,36.63507
1304,34.860157
1305,37.379913
1306,41.797657
1307,35.757076
1308,77.36977
1309,70.481026
1310,28.434105
1311,33.54156
1312,35.703053
1313,28.734095
1314,35.459908
1315,27.534706
1316,30.757524
1317,28.0525
1318,26.392546
1319,26.686453
1320,22.364
1321,24.21697
1322,22.972975
1323,25.840393
1324,30.190899
1325,26.588943
1326,29.11293
1327,30.505602
1328,31.24927
1329,26.93723
1330,21.784113
1331,26.901846
1332,27.000322
1333,26.841913
1334,30.528461
1335,25.369104
1336,21.103472
1337,32.211536
1338,32.686165
1339,30.750505
1340,30.6733
1341,31.456316
1342,29.166256
1343,25.348906
1344,24.202923
1345,21.271986
1346,15.086802
1347,16.301636
1348,20.184193
1349,24.357006
1350,20.924807
1351,12.1453905
1352,13.086278
1353,11.672532
1354,20.7264
1355,18.205523
1356,25.0581
1357,20.776304
1358,31.688972
1359,43.870407
1360,53.114456
1361,61.283535
1362,55.901066
1363,63.623505
1364,52.861614
1365,48.699383
1366,37.07838
1367,39.02255
1368,30.818865
1369,31.58991
1370,29.427872
1371,33.472248
1372,35.207623
1373,35.044407
1374,36.189808
1375,43.67338
1376,45.29076
1377,52.151157
1378,59.101242
1379,66.87574
1380,67.08657
1381,58.65557
1382,52.363956
1383,50.15585
1384,68.796364
1385,91.501495
1386,93.13614
1387,92.03198
1388,79.80747
1389,78.265396
1390,72.44656
1391,68.57992
1392,75.68441
1393,70.64056
1394,69.93335
1395,64.03362
1396,69.83996
1397,66.327675
1398,73.07935
1399,77.05037
1400,78.47442
1401,73.05877
1402,72.18224
1403,68.75194
1404,70.43327
1405,68.18516
1406,62.13844
1407,57.353535
1408,51.160015
1409,51.306477
1410,49.185543
1411,44.941143
1412,43.732536
1413,41.640232
1414,44.409813
1415,41.94093
1416,47.055347
1417,36.335396
1418,31.89902
1419,22.24972
1420,31.166296
1421,32.145493
1422,36.816055
1423,34.09453
1424,40.668674
1425,36.092796
1426,35.047512
1427,41.324963
1428,48.665485
1429,48.33466
1430,52.486477
1431,54.290707
1432,53.539337
1433,43.643967
1434,37.54251
1435,42.21634
1436,40.516354
1437,42.603935
1438,36.930782
1439,44.143433
1440,47.062088
1441,52.705627
1442,53.241238
1443,56.052605
1444,61.84545
1445,65.33714
1446,67.285164
1447,64.010376
1448,71.330635
1449,78.94311
1450,89.54198
1451,79.815285
1452,75.65934
1453,77.68248
1454,94.37879
1455,99.611984
1456,79.15251
1457,70.006
1458,74.87807
1459,76.39422
1460,82.3674
1461,94.02705
1462,92.33326
1463,80.224144
1464,75.280785
1465,70.779594
1466,73.24577
1467,68.03698
1468,59.578983
1469,57.21446
1470,59.748966
1471,63.057163
1472,66.3248
1473,76.87325
1474,84.54783
1475,95.63042
1476,93.29334
1477,94.48514
1478,84.466095
1479,69.58624
1480,67.17148
1481,64.69325
1482,65.14781
1483,60.241882
1484,58.848537
1485,58.904034
1486,57.24686
1487,65.753136
1488,71.800255
1489,84.7053
1490,81.56295
1491,75.71696
1492,75.31436
1493,68.98874
1494,66.82287
1495,66.89792
1496,70.27753
1497,77.91898
1498,91.24347
1499,103.026474
1500,106.11045
1501,84.60105
1502,70.69368
1503,62.278767
1504,54.105236
1505,51.32632
1506,49.600132
1507,55.673454
1508,70.12926
1509,84.79993
1510,80.32082
1511,81.2351
1512,82.13449
1513,85.17634
1514,76.67259
1515,70.8196
1516,64.92323
1517,60.730396
1518,66.74967
1519,63.319263
1520,67.13064
1521,69.290474
1522,81.72292
1523,67.289246
1524,58.958706
1525,57.37955
1526,54.38195
1527,47.14032
1528,44.984097
1529,44.281387
1530,41.94921
1531,36.011616
1532,33.043266
1533,34.844254
1534,38.434864
1535,44.10245
1536,50.476665
1537,47.42101
1538,41.17469
1539,37.734295
1540,37.426228
1541,35.443035
1542,34.175484
1543,27.85108
1544,31.67396
1545,27.617516
1546,21.592716
1547,21.221243
1548,12.922706
1549,24.678596
1550,36.664875
1551,55.839657
1552,65.7963
1553,64.7554
1554,65.054985
1555,62.02465
1556,60.667706
1557,65.38523
1558,66.698204
1559,60.019287
1560,60.680595
1561,60.016487
1562,73.542435
1563,82.150246
1564,82.63653
1565,92.55162
1566,93.34534
1567,95.06065
1568,101.44367
1569,103.5843
1570,96.960106
1571,86.64623
1572,73.0893
1573,68.39291
1574,55.1695
1575,56.054558
1576,58.15735
1577,61.958546
1578,68.00176
1579,57.673164
1580,56.31853
1581,47.676075
1582,48.931454
1583,47.200993
1584,47.213642
1585,49.411854
1586,55.80841
1587,59.34236
1588,54.57485
1589,49.158676
1590,48.704487
1591,51.1775
1592,60.08548
1593,51.307114
1594,41.424667
1595,39.914646
1596,37.128628
1597,35.7644
1598,30.55631
1599,30.719816
1600,32.435585
1601,33.82349
1602,40.29327
1603,50.24288
1604,51.019882
1605,54.09389
1606,58.26201
1607,62.171467
1608,64.86024
1609,68.69477
1610,71.427124
1611,71.58112
1612,65.20488
1613,64.97185
1614,61.60156
1615,62.028328
1616,70.5369
1617,72.62247
1618,64.3874
1619,54.989315
1620,47.696194
1621,49.905422
1622,40.038692
1623,39.311676
1624,44.199535
1625,57.24508
1626,60.263943
1627,59.065395
1628,58.3531
1629,67.800285
1630,70.224266
1631,72.76033
1632,72.23101
1633,83.19066
1634,85.700325
1635,85.221146
1636,79.98893
1637,87.025314
1638,92.405594
1639,89.57386
1640,91.757866
1641,90.47634
1642,87.994965
1643,80.74669
1644,76.141
1645,68.50112
1646,74.02471
1647,54.458294
1648,68.23975
1649,25.811932
1650,48.198235
1651,71.936066
1652,71.11718
1653,58.14279
1654,39.811638
1655,29.846003
1656,34.12334
1657,29.402637
1658,29.665964
1659,32.8692
1660,36.840088
1661,39.15413
1662,43.91757
1663,55.113995
1664,55.88276
1665,50.151314
1666,44.08218
1667,47.446644
1668,47.365116
1669,48.443386
1670,44.5611
1671,45.989216
1672,29.195145
1673,33.96912
1674,49.259674
1675,52.565975
1676,48.077152
1677,48.344326
1678,45.7195
1679,45.637947
1680,47.464325
1681,47.206333
1682,38.570484
1683,37.028378
1684,35.69401
1685,38.608593
1686,48.66638
1687,51.29433
1688,59.909508
1689,74.31409
1690,80.243614
1691,78.57711
1692,73.80352
1693,69.8575
1694,75.01221
1695,70.13622
1696,65.48659
1697,61.206074
1698,71.64022
1699,79.590225
1700,76.02219
1701,76.86577
1702,80.07525
1703,86.84283
1704,86.073685
1705,87.60389
1706,94.08594
1707,99.94459
1708,103.919876
1709,96.22566
1710,77.09804
1711,70.71959
1712,75.49045
1713,72.41109
1714,64.68854
1715,49.77833
1716,39.143257
1717,37.524387
1718,42.235844
1719,37.076572
1720,34.47034
1721,32.308468
1722,36.365047
1723,36.49155
1724,36.02952
1725,38.047085
1726,43.740314
1727,52.510788
1728,57.274693
1729,55.256943
1730,45.803173
1731,39.211384
1732,32.954426
1733,30.412487
1734,24.582958
1735,20.262775
1736,17.946743
1737,22.589848
1738,29.259687
1739,38.51386
1740,35.19566
1741,31.19738
1742,28.465044
1743,35.110027
1744,50.982662
1745,58.26661
1746,69.03722
1747,70.753555
1748,79.42381
1749,76.07704
1750,68.79187
1751,57.310005
1752,54.293858
1753,51.35886
1754,46.332455
1755,40.98942
1756,45.233326
1757,51.609356
1758,52.789135
1759,56.95869
1760,55.85037
1761,54.36778
1762,45.69914
1763,64.08055
1764,79.49676
1765,99.75771
1766,77.14138
1767,59.745037
1768,54.222546
1769,57.519035
1770,62.71103
1771,57.789238
1772,64.45513
1773,62.872036
1774,61.505657
1775,60.836765
1776,63.60834
1777,70.385666
1778,74.198044
1779,65.95347
1780,55.114277
1781,45.15062
1782,47.385044
1783,51.36229
1784,54.822407
1785,49.791813
1786,56.799488
1787,71.32522
1788,53.282654
1789,73.21698
1790,67.06742
1791,46.226192
1792,39.96391
1793,44.252724
1794,42.872902
1795,40.528553
1796,40.596474
1797,37.369564
1798,30.153141
1799,23.636398
1800,20.613585
1801,28.555885
1802,29.783243
1803,34.64701
1804,35.674927
1805,40.124233
1806,42.760727
1807,46.077232
1808,44.584175
1809,53.832817
1810,58.276783
1811,73.6816
1812,72.137436
1813,62.132683
1814,36.270428
1815,46.94194
1816,29.513811
1817,37.688038
1818,47.885082
1819,57.230732
1820,59.52476
1821,58.024937
1822,44.09612
1823,39.74491
1824,40.31115
1825,56.823944
1826,70.311905
1827,75.91657
1828,73.16383
1829,70.84293
1830,62.036552
1831,60.81979
1832,61.28021
1833,74.26554
1834,91.42925
1835,101.86855
1836,105.109024
1837,85.270836
1838,70.64523
1839,63.189896
1840,56.974815
1841,51.35215
1842,44.04353
1843,54.79932
1844,55.82059
1845,63.577194
1846,55.533066
1847,63.07993
1848,55.245094
1849,57.20197
1850,61.134052
1851,70.974724
1852,84.77979
1853,89.86529
1854,81.70934
1855,84.51182
1856,86.82487
1857,94.264206
1858,89.306335
1859,90.55221
1860,99.07018
1861,89.74062
1862,83.69302
1863,79.63643
1864,76.38076
1865,71.68606
1866,63.13828
1867,63.855827
1868,64.1778
1869,65.96368
1870,59.091454
1871,55.488033
1872,50.236137
1873,53.67499
1874,58.87638
1875,63.45925
1876,65.78886
1877,66.42368
1878,65.17624
1879,69.49729
1880,73.349754
1881,72.75367
1882,82.66892
1883,80.58341
1884,68.3148
1885,54.86732
1886,36.5101
1887,30.847254
1888,34.179344
1889,64.64074
1890,63.70689
1891,63.067665
1892,41.90015
1893,40.702747
1894,48.452328
1895,42.771748
1896,40.034145
1897,43.70116
1898,53.2459
1899,64.22858
1900,70.36612
1901,62.284122
1902,66.926605
1903,63.345196
1904,65.40487
1905,54.89416
1906,53.163437
1907,51.322376
1908,50.11269
1909,41.694817
1910,39.830017
1911,47.373688
1912,72.64718
1913,77.076866
1914,76.56402
1915,86.378716
1916,101.27358
1917,104.18556
1918,82.913864
1919,55.343746
1920,54.884357
1921,50.719296
1922,54.91837
1923,57.342068
1924,57.05109
1925,54.76961
1926,47.216076
1927,59.108074
1928,67.55902
1929,78.81624
1930,78.92843
1931,79.80144
1932,57.136253
1933,48.349445
1934,37.12293
1935,45.58193
1936,50.07188
1937,61.063953
1938,62.51874
1939,61.986343
1940,60.004482
1941,55.69197
1942,60.41784
1943,66.73343
1944,68.34849
1945,70.60367
1946,63.647854
1947,61.163292
1948,51.398174
1949,43.839417
1950,45.8122
1951,37.531643
1952,38.474686
1953,27.900955
1954,30.525486
1955,34.277184
1956,27.52118
1957,46.45062
1958,35.319233
1959,35.16076
1960,29.39211
1961,35.57522
1962,38.446827
1963,60.554882
1964,61.804607
1965,73.773964
1966,64.04616
1967,61.463505
1968,61.765903
1969,63.79748
1970,65.22433
1971,60.35637
1972,56.908077
1973,56.638325
1974,53.74298
1975,51.68408
1976,52.208996
1977,59.04137
1978,60.80565
1979,69.03498
1980,49.255447
1981,39.06963
1982,51.28702
1983,40.22673
1984,34.39111
1985,30.762255
1986,31.07907
1987,31.362377
1988,34.6806
1989,36.13952
1990,41.759502
1991,45.843254
1992,52.42651
1993,52.721897
1994,51.181152
1995,55.265965
1996,66.6435
1997,64.13916
1998,54.286068
1999,52.84077
2000,60.452938
2001,75.081505
2002,79.80766
2003,88.08269
2004,82.22425
2005,69.43535
2006,63.975185
2007,58.98396
2008,64.77528
2009,68.4702
2010,74.093094
2011,78.93503
2012,76.40632
2013,48.79179
2014,36.33903
2015,23.255838
2016,19.39558
2017,23.806452
2018,19.238173
2019,21.643597
2020,15.932367
2021,18.178484
2022,17.436079
2023,22.862574
2024,20.215446
2025,25.423061
2026,17.725275
2027,20.659237
2028,23.505777
2029,40.17205
2030,57.375053
2031,57.54276
2032,49.061295
2033,38.38278
2034,44.534027
2035,45.008076
2036,56.602856
2037,63.44582
2038,71.69923
2039,71.40104
2040,73.7181
2041,70.802864
2042,61.898285
2043,61.739597
2044,61.479343
2045,66.09081
2046,55.242805
2047,55.144123
2048,51.554085
2049,43.69657
2050,34.840775
2051,44.074165
2052,48.55884
2053,52.53474
2054,54.076122
2055,55.51585
2056,65.46424
2057,77.416374
2058,74.39728
2059,74.24877
2060,74.34731
2061,86.01055
2062,95.06946
2063,86.574394
2064,81.892166
2065,77.08048
2066,85.68015
2067,91.15055
2068,98.575554
2069,84.86242
2070,82.04914
2071,69.00437
2072,72.94563
2073,59.093803
2074,69.95983
2075,67.58966
2076,72.10972
2077,67.851814
2078,58.718304
2079,55.963585
2080,64.02822
2081,75.80084
2082,77.86097
2083,68.88009
2084,61.056942
2085,62.84898
2086,68.14292
2087,78.767784
2088,87.80352
2089,94.77576
2090,100.74156
2091,109.52854
2092,103.27995
2093,104.04394
2094,95.65165
2095,92.975624
2096,95.066315
2097,88.80099
2098,88.1601
2099,75.35851
2100,63.92101
2101,67.62505
2102,64.319374
2103,65.03449
2104,59.013294
2105,56.786995
2106,56.57877
2107,64.75948
2108,73.5721
2109,72.97591
2110,81.63063
2111,83.24398
2112,100.70145
2113,100.09302
2114,103.44061
2115,106.64419
2116,103.1854
2117,93.10615
2118,76.18504
2119,76.31935
2120,82.47825
2121,82.29313
2122,81.33836
2123,84.99102
2124,84.33729
2125,89.01156
2126,77.11447
2127,67.029045
2128,61.81582
2129,71.87318
2130,82.627304
2131,81.631905
2132,76.53149
2133,69.310036
2134,73.73354
2135,82.061874
2136,88.85887
2137,90.24169
2138,89.00775
2139,87.27889
2140,88.74275
2141,81.99425
2142,82.09001
2143,70.03301
2144,71.31962
2145,57.5693
2146,54.47169
2147,27.889685
2148,18.61855
2149,28.72943
2150,24.659657
2151,28.525522
2152,30.01968
2153,25.59582
2154,24.954885
2155,35.975014
2156,56.56663
2157,54.463825
2158,42.23352
2159,30.25185
2160,50.56976
2161,57.85907
2162,49.31651
2163,47.865627
2164,11.672532
2165,11.672532
2166,11.672532
2167,11.672532
2168,11.672532
2169,12.3773985
2170,18.490807
2171,23.534048
2172,27.15126
2173,24.34169
2174,30.432955
2175,36.965275
2176,46.748566
2177,59.92872
2178,64.90161
2179,77.56702
2180,96.8371
2181,104.24922
2182,100.589294
2183,90.8781
2184,84.27471
2185,80.122055
2186,67.34768
2187,58.7347
2188,50.360462
2189,44.87639
2190,48.742924
2191,50.73194
2192,55.334686
2193,47.637554
2194,42.396732
2195,40.342907
2196,47.93853
2197,47.861664
2198,44.82698
2199,60.117546
2200,74.51875
2201,87.86378
2202,90.16147
2203,91.362495
2204,85.07334
2205,82.713615
2206,85.85682
2207,87.32399
2208,82.321815
2209,87.04296
2210,81.37403
2211,74.56242
2212,51.843845
2213,45.39101
2214,39.302345
2215,43.007458
2216,46.374416
2217,47.68474
2218,52.44608
2219,47.457516
2220,37.98585
2221,29.79344
2222,27.326681
2223,34.990047
2224,43.37172
2225,47.212917
2226,44.57008
2227,41.751553
2228,41.265083
2229,48.060993
2230,52.676376
2231,56.923588
2232,53.45664
2233,54.35265
2234,54.8943
2235,50.93944
2236,43.15458
2237,39.994343
2238,38.02649
2239,40.778526
2240,38.399853
2241,32.58874
2242,30.11845
2243,34.742653
2244,42.189304
2245,45.589664
2246,49.247837
2247,48.203636
2248,51.603985
2249,47.637882
2250,54.796947
2251,60.11945
2252,60.992737
2253,50.612286
2254,45.271286
2255,46.59181
2256,48.838596
2257,46.446835
2258,49.47822
2259,60.180992
2260,63.115746
2261,56.018494
2262,50.45036
2263,52.272125
2264,59.77705
2265,56.53742
2266,52.467274
2267,50.729954
2268,51.17224
2269,36.606556
2270,45.512493
2271,46.55402
2272,53.616905
2273,47.77834
2274,46.92661
2275,43.96671
2276,46.487293
2277,55.27314
2278,64.31028
2279,62.807945
2280,63.11573
2281,70.06687
2282,65.61419
2283,64.49211
2284,55.43373
2285,52.89854
2286,54.78235
2287,55.79158
2288,58.83059
2289,58.624805
2290,44.23287
2291,47.098904
2292,43.86488
2293,49.74806
2294,57.281097
2295,39.614246
2296,27.2156
2297,24.051445
2298,28.412985
2299,30.906351
2300,34.333733
2301,26.733519
2302,27.93329
2303,26.04112
2304,37.929302
2305,40.015408
2306,38.731445
2307,36.56963
2308,34.875767
2309,37.026047
2310,39.46004
2311,43.59947
2312,49.28912
2313,51.454395
2314,42.315075
2315,49.714035
2316,52.478237
2317,56.9339
2318,42.728107
2319,33.069466
2320,26.60037
2321,31.879118
2322,23.759773
2323,23.97544
2324,21.79262
2325,31.721163
2326,35.07618
2327,43.566174
2328,47.568054
2329,57.4312
2330,55.58861
2331,43.748104
2332,37.940144
2333,39.12178
2334,41.334698
2335,34.673077
2336,29.424553
2337,28.971823
2338,38.42538
2339,35.626682
2340,38.995598
2341,29.981022
2342,30.075129
2343,27.131565
2344,26.639824
2345,20.647913
2346,14.177449
2347,17.12258
2348,21.890295
2349,21.091055
2350,20.044989
2351,25.184896
2352,22.331566
2353,18.328194
2354,18.170849
2355,24.033367
2356,33.055782
2357,27.1755
2358,26.564495
2359,22.983068
2360,24.272963
2361,31.652605
2362,33.151905
2363,35.751102
2364,27.071594
2365,29.262177
2366,29.277916
2367,25.65608
2368,18.950418
2369,16.355482
2370,24.093624
2371,28.366816
2372,26.71815
2373,16.629023
2374,18.217579
2375,21.86495
2376,27.617285
2377,25.02252
2378,25.078009
2379,29.2215
2380,32.39698
2381,32.894783
2382,29.069696
2383,35.839058
2384,37.399532
2385,30.099636
2386,19.628447
2387,20.695913
2388,19.040367
2389,16.432013
2390,16.85823
2391,14.52366
2392,17.690315
2393,15.377616
2394,21.92466
2395,24.518145
2396,26.101934
2397,20.645262
2398,18.44527
2399,14.503118
2400,15.604402
2401,17.326492
2402,23.33125
2403,20.3208
2404,12.59317
2405,11.672532
2406,16.168934
2407,11.672532
2408,21.332647
2409,19.194803
2410,16.44981
2411,17.595243
2412,17.267738
2413,17.35953
2414,16.29811
2415,14.594921
2416,14.387114
2417,14.229921
2418,21.799314
2419,21.966473
2420,22.147116
2421,22.527704
2422,19.100348
2423,19.144295
2424,15.784324
2425,17.599163
2426,11.672532
2427,11.672532
2428,15.126641
2429,19.18493
2430,20.372658
2431,28.42502
2432,38.59224
2433,38.584385
2434,32.512733
2435,27.159414
2436,24.590502
2437,23.738155
2438,24.720284
2439,22.053604
2440,29.129251
2441,28.617445
2442,42.89346
2443,44.04086
2444,46.795887
2445,45.51472
2446,41.6196
2447,41.351482
2448,46.71307
2449,56.64025
2450,48.159046
2451,49.927387
2452,46.04481
2453,52.062336
2454,57.28818
2455,60.069775
2456,73.64128
2457,77.115234
2458,78.11826
2459,69.785484
2460,70.469376
2461,74.3677
2462,74.488396
2463,53.374767
2464,34.067757
2465,33.30869
2466,43.828663
2467,51.553837
2468,55.379894
2469,61.755474
2470,69.25735
2471,77.076805
2472,76.87285
2473,73.401306
2474,71.13926
2475,70.66538
2476,75.15823
2477,72.72964
2478,73.06402
2479,74.411316
2480,80.82609
2481,78.19203
2482,68.20868
2483,59.95253
2484,55.643364
2485,44.319706
2486,37.412334
2487,53.69045
2488,38.39521
2489,39.574482
2490,48.431065
2491,47.028793
2492,48.58683
2493,54.41166
2494,55.164955
2495,61.098995
2496,64.42028
2497,70.46461
2498,70.39874
2499,75.57029
2500,85.15901
2501,85.762886
2502,76.90698
2503,68.59422
2504,62.327824
2505,64.69464
2506,62.662525
2507,57.749836
2508,49.452457
2509,43.37701
2510,44.380188
2511,39.403637
2512,36.214176
2513,27.751238
2514,22.09004
2515,24.270056
2516,26.17308
2517,30.07375
2518,29.327497
2519,33.21378
2520,28.615074
2521,35.136303
2522,41.084778
2523,52.33083
2524,62.6356
2525,71.42654
2526,86.0083
2527,95.87829
2528,97.531525
2529,81.72657
2530,59.367092
2531,46.729557
2532,42.535503
2533,39.92765
2534,39.139103
2535,30.170095
2536,28.158182
2537,19.204613
2538,28.573383
2539,32.998863
2540,41.59391
2541,40.860916
2542,38.742676
2543,38.885674
2544,36.72487
2545,42.19326
2546,43.8352
2547,51.711773
2548,55.149307
2549,57.11833
2550,56.952305
2551,60.406116
2552,56.02543
2553,52.052
2554,45.033245
2555,44.519833
2556,28.46589
2557,19.852652
2558,16.647558
2559,17.547504
2560,17.161867
2561,13.335048
2562,12.386567
2563,11.735955
2564,11.672532
2565,12.4426985
2566,15.129893
2567,11.712804
2568,12.650126
2569,13.50373
2570,13.336246
2571,13.67646
2572,12.813925
2573,13.105789
2574,12.20639
2575,11.672532
2576,12.828959
2577,15.876603
2578,12.01448
2579,17.59627
2580,18.194286
2581,17.377302
2582,15.402474
2583,20.104347
2584,25.53089
2585,30.267729
2586,30.58887
2587,37.469906
2588,44.397278
2589,50.018036
2590,51.938457
2591,47.579655
2592,48.487118
2593,45.62919
2594,42.706898
2595,42.30041
2596,49.692062
2597,60.835754
2598,68.584984
2599,74.89711
2600,75.580536
2601,67.589714
2602,62.45013
2603,72.12107
2604,67.71747
2605,61.772068
2606,55.766575
2607,42.89902
2608,41.61211
2609,36.312325
2610,46.674633
2611,39.491158
2612,35.454334
2613,27.06365
2614,25.460026
2615,28.022413
2616,24.46678
2617,24.669327
2618,21.740309
2619,20.287518
2620,19.432505
2621,22.475496
2622,24.370947
2623,29.420553
2624,31.947977
2625,41.107296
2626,24.503506
2627,29.559494
2628,24.060705
2629,33.365776
2630,27.637373
2631,24.944025
2632,21.859337
2633,27.600206
2634,27.605724
2635,26.563478
2636,20.277002
2637,23.672724
2638,20.204813
2639,17.177422
2640,12.957666
2641,11.672532
2642,11.672532
2643,11.672532
2644,11.672532
2645,11.672532
2646,11.672532
2647,11.672532
2648,19.328718
2649,25.610693
2650,26.275517
2651,19.986794
2652,15.25911
2653,30.34576
2654,27.40861
2655,18.430103
2656,17.608202
2657,16.372349
2658,20.082216
2659,18.635918
2660,17.60213
2661,19.506496
2662,20.292524
2663,14.409356
2664,12.51172
2665,23.701838
2666,18.740187
2667,18.39703
2668,14.104639
2669,14.099849
2670,23.32981
2671,20.084173
2672,18.690655
2673,17.60118
2674,23.271463
2675,17.436865
2676,18.192959
2677,17.218744
2678,14.6780615
2679,16.926794
2680,27.286917
2681,29.751976
2682,29.678537
2683,28.248987
2684,27.966568
2685,23.368313
2686,20.755411
2687,24.720112
2688,22.267092
2689,32.927044
2690,31.765448
2691,33.161354
2692,30.413733
2693,30.783981
2694,28.671604
2695,31.406082
2696,36.342106
2697,39.959644
2698,39.85204
2699,40.14724
2700,44.62673
2701,40.10196
2702,36.719467
2703,35.81861
2704,40.709324
2705,49.883736
2706,48.25443
2707,54.52239
2708,53.004936
2709,46.750317
2710,45.235783
2711,49.244
2712,49.94144
2713,45.212467
2714,43.996754
2715,45.11456
2716,52.89906
2717,44.03965
2718,42.199085
2719,38.177383
2720,43.58572
2721,49.905346
2722,58.969814
2723,58.729603
2724,53.8585
2725,40.73965
2726,36.594673
2727,39.302856
2728,48.92468
2729,62.112705
2730,63.51606
2731,64.1336
2732,62.644825
2733,64.15255
2734,61.065037
2735,62.370274
2736,74.25915
2737,90.76961
2738,104.35654
2739,114.51175
2740,120.47183
2741,133.20883
2742,134.58769
2743,144.69632
2744,122.887054
2745,85.95493
2746,62.80869
2747,56.689068
2748,60.52902
2749,59.911713
2750,68.96938
2751,71.05817
2752,69.03112
2753,65.708
2754,64.15311
2755,79.03714
2756,78.82887
2757,77.43808
2758,81.84955
2759,82.64387
2760,88.30481
2761,90.46017
2762,90.40441
2763,92.93012
2764,96.560394
2765,96.53165
2766,96.78323
2767,97.65747
2768,110.29051
2769,105.67881
2770,104.55889
2771,78.7518
2772,50.82174
2773,35.021397
2774,30.330252
2775,34.984264
2776,29.966661
2777,35.412624
2778,36.18629
2779,40.5561
2780,39.458744
2781,47.18529
2782,44.691917
2783,47.055355
2784,41.71495
2785,46.183224
2786,37.323486
2787,31.85049
2788,30.440174
2789,40.06272
2790,42.23098
2791,39.157665
2792,34.431637
2793,40.43094
2794,39.859848
2795,46.86257
2796,37.77329
2797,29.422888
2798,17.713125
2799,18.617727
2800,23.907087
2801,19.954138
2802,26.24756
2803,24.34785
2804,20.679272
2805,11.672532
2806,11.672532
2807,11.672532
2808,11.672532
2809,11.672532
2810,14.271706
2811,16.912096
2812,18.694332
2813,15.613521
2814,13.421655
2815,18.643913
2816,29.880754
2817,27.430986
2818,24.890036
2819,27.810421
2820,38.190777
2821,31.763735
2822,24.795753
2823,34.184216
2824,44.263874
2825,60.10737
2826,61.693474
2827,53.395832
2828,47.305157
2829,35.42421
2830,37.93971
2831,32.51779
2832,36.72559
2833,34.396614
2834,38.915356
2835,46.429443
2836,46.12037
2837,45.38164
2838,43.97681
2839,54.432846
2840,63.765675
2841,68.6871
2842,66.582436
2843,66.36524
2844,61.585636
2845,51.76063
2846,38.333496
2847,30.541674
2848,33.02522
2849,39.99693
2850,38.848183
2851,33.883106
2852,33.576405
2853,51.445477
2854,56.875187
2855,61.009163
2856,65.77043
2857,67.170334
2858,61.326
2859,46.589817
2860,37.239414
2861,34.097282
2862,33.02129
2863,33.46575
2864,40.076267
2865,50.95194
2866,62.76643
2867,51.208416
2868,38.795925
2869,26.970268
2870,20.191607
2871,18.081171
2872,18.164001
2873,15.010289
2874,24.910643
2875,26.34862
2876,37.690907
2877,36.30944
2878,39.34578
2879,34.540127
2880,47.63014
2881,48.98991
2882,45.329258
2883,35.13001
2884,30.301342
2885,31.36067
2886,26.352144
2887,32.62441
2888,38.236378
2889,35.769253
2890,28.927284
2891,28.438969
2892,29.21626
2893,30.571726
2894,24.573088
2895,24.11317
2896,27.453424
2897,31.334377
2898,31.88434
2899,30.506361
2900,38.437138
2901,47.42982
2902,50.17249
2903,44.27241
2904,48.031662
2905,43.77298
2906,41.86024
2907,35.839092
2908,35.487328
2909,28.436678
2910,27.514868
2911,26.369257
2912,33.146904
2913,40.243332
2914,42.75754
2915,54.96956
2916,43.19392
2917,42.76803
2918,30.94437
2919,36.56178
2920,38.30903
2921,40.51084
2922,42.882717
2923,39.59599
2924,39.07885
2925,43.03817
2926,39.155697
2927,44.15788
2928,43.489185
2929,55.28951
2930,61.3475
2931,55.62863
2932,49.56009
2933,40.806892
2934,44.416843
2935,48.911488
2936,54.574177
2937,59.27609
2938,59.294636
2939,61.347538
2940,61.713367
2941,68.84019
2942,64.4164
2943,55.489307
2944,42.61294
2945,37.580826
2946,37.20082
2947,38.061222
2948,43.344357
2949,47.44917
2950,54.398773
2951,58.654255
2952,62.28141
2953,54.83028
2954,45.41807
2955,43.00678
2956,43.331997
2957,50.341343
2958,46.87971
2959,40.629086
2960,46.717075
2961,46.74965
2962,62.506138
2963,59.824184
2964,53.68441
2965,45.003956
2966,35.84203
2967,36.2308
2968,52.51607
2969,45.542496
2970,43.53899
2971,43.256046
2972,41.862194
2973,38.337856
2974,27.510538
2975,31.752611
2976,36.61009
2977,42.760307
2978,40.34845
2979,39.65649
2980,47.173862
2981,48.23828
2982,43.72048
2983,37.52208
2984,36.356236
2985,39.73598
2986,46.521904
2987,58.025017
2988,59.2404
2989,60.553257
2990,53.092655
2991,40.146847
2992,36.53928
2993,34.92104
2994,36.745148
2995,37.266308
2996,34.092712
2997,31.328762
2998,30.554384
2999,28.983604
3000,28.101286
3001,29.95814
3002,31.645695
3003,31.611202
3004,37.12448
3005,36.985443
3006,39.734577
3007,41.48339
3008,45.39604
3009,56.66119
3010,63.131424
3011,64.43413
3012,60.04586
3013,64.83671
3014,64.29393
3015,59.135925
3016,48.17664
3017,47.013645
3018,44.77869
3019,52.428844
3020,52.172516
3021,50.339848
3022,49.780594
3023,62.39217
3024,70.68952
3025,61.114285
3026,49.753227
3027,39.4128
3028,42.65131
3029,48.29366
3030,51.531048
3031,61.51781
3032,62.85081
3033,64.88366
3034,62.875683
3035,69.66743
3036,64.92917
3037,67.02454
3038,62.778706
3039,60.56521
3040,53.064396
3041,44.749664
3042,36.624546
3043,35.475346
3044,36.88262
3045,41.805393
3046,54.07791
3047,56.74163
3048,57.358288
3049,58.728527
3050,63.48012
3051,71.8061
3052,78.463005
3053,93.02841
3054,107.938774
3055,110.25069
3056,110.55788
3057,99.504395
3058,84.249
3059,80.830574
3060,80.334526
3061,83.12562
3062,70.75177
3063,61.929214
3064,60.681595
3065,52.77105
3066,47.17634
3067,32.74013
3068,19.376696
3069,14.11955
3070,13.99951
3071,13.248462
3072,14.542737
3073,11.672532
3074,16.71745
3075,20.794428
3076,14.240621
3077,12.9705715
3078,11.672532
3079,13.2531
3080,14.753576
3081,22.198395
3082,15.355874
3083,25.983843
3084,18.723816
3085,17.12165
3086,14.618303
3087,16.699354
3088,19.74383
3089,24.951807
3090,26.49424
3091,26.111212
3092,22.053854
3093,21.683012
3094,27.103285
3095,25.868383
3096,30.0193
3097,32.009182
3098,36.5156
3099,36.119247
3100,32.432156
3101,36.130035
3102,34.793118
3103,41.09519
3104,41.79492
3105,41.52527
3106,45.425438
3107,49.597042
3108,54.85036
3109,52.345753
3110,46.415585
3111,46.03991
3112,37.96832
3113,37.970413
3114,38.44834
3115,38.327442
3116,40.527264
3117,35.953297
3118,39.28874
3119,39.60772
3120,43.46798
3121,51.97643
3122,53.921112
3123,64.64786
3124,64.70185
3125,65.779175
3126,62.599243
3127,61.422546
3128,65.14314
3129,72.582596
3130,68.18811
3131,57.54459
3132,43.608555
3133,42.912006
3134,42.662975
3135,45.548496
3136,44.302547
3137,42.385406
3138,42.90406
3139,26.670576
3140,30.48669
3141,30.21842
3142,43.30258
3143,43.40518
3144,42.65897
3145,38.300373
3146,36.605988
3147,35.450947
3148,33.88933
3149,33.118523
3150,37.018677
3151,35.427074
3152,40.25583
3153,41.627937
3154,40.309513
3155,43.991955
3156,40.81549
3157,31.33489
3158,33.943756
3159,41.934387
3160,13.8138
3161,20.031073
3162,22.992802
3163,22.45412
3164,21.1503
3165,23.91967
3166,23.416254
3167,20.9653
3168,23.602278
3169,23.3331
3170,26.03453
3171,28.78942
3172,31.983412
3173,26.413084
3174,22.82101
3175,16.571634
3176,15.600303
3177,19.945475
3178,17.877913
3179,16.103691
3180,16.463766
3181,16.799763
3182,24.454433
3183,15.688965
3184,15.344231
3185,19.955261
3186,25.497345
3187,29.686583
3188,29.444202
3189,26.771315
3190,21.254908
3191,18.015272
3192,15.296681
3193,23.091742
3194,23.138536
3195,23.630304
3196,22.085508
3197,26.36917
3198,36.69579
3199,33.584324
3200,30.480633
3201,27.0082
3202,27.875761
3203,20.168718
3204,19.030146
3205,18.762272
3206,18.479668
3207,19.53314
3208,18.124588
3209,18.08948
3210,18.562265
3211,18.003153
3212,27.241705
3213,26.359488
3214,27.918085
3215,22.954992
3216,22.80771
3217,27.035141
3218,32.074306
3219,34.580334
3220,33.831463
3221,32.93807
3222,24.098425
3223,19.990255
3224,21.639292
3225,32.900093
3226,37.346905
3227,48.370956
3228,52.160366
3229,48.479996
3230,35.908646
3231,25.524065
3232,27.782578
3233,25.51712
3234,30.790459
3235,21.349401
3236,19.771631
3237,26.608257
3238,31.20215
3239,35.353073
3240,32.030926
3241,32.94935
3242,31.691359
3243,31.069723
3244,32.556103
3245,26.67577
3246,25.02245
3247,17.55128
3248,22.225893
3249,22.382809
3250,20.527924
3251,27.884676
3252,24.25096
3253,32.54
3254,22.167866
3255,17.987478
3256,11.672532
3257,11.672532
3258,11.672532
3259,15.832708
3260,18.149118
3261,14.9406
3262,14.418882
3263,11.672532
3264,13.461904
3265,11.800895
3266,18.233606
3267,13.966791
3268,11.672532
3269,12.487102
3270,11.672532
3271,18.027174
3272,18.787367
3273,13.372405
3274,11.672532
3275,13.491764
3276,20.8006
3277,16.459192
3278,15.903259
3279,29.402025
3280,35.745186
3281,44.253162
3282,49.133568
3283,50.022743
3284,55.398766
3285,51.16154
3286,51.266376
3287,57.594933
3288,60.786205
3289,65.72784
3290,56.945866
3291,44.06554
3292,30.48394
3293,32.846153
3294,46.57526
3295,61.8927
3296,73.1092
3297,70.28665
3298,58.155266
3299,54.846233
3300,50.658413
3301,51.98883
3302,48.825127
3303,29.578989
3304,29.334259
3305,43.652096
3306,47.268272
3307,39.9518
3308,48.95032
3309,67.23658
3310,85.43993
3311,99.19683
3312,88.617485
3313,74.67019
3314,65.001724
3315,55.20728
3316,52.905716
3317,46.305187
3318,49.36337
3319,53.092724
3320,62.89685
3321,58.16872
3322,56.375088
3323,58.88979
3324,59.423435
3325,58.24059
3326,49.600327
3327,48.591976
3328,41.068356
3329,43.025887
3330,38.788486
3331,27.008308
3332,22.889103
3333,24.439571
3334,27.727842
3335,30.273504
3336,24.592459
3337,18.766647
3338,12.193025
3339,16.193573
3340,17.73282
3341,25.161123
3342,22.667645
3343,21.958162
3344,19.86732
3345,13.176444
3346,11.672532
3347,11.672532
3348,11.672532
3349,13.207542
3350,14.902973
3351,15.683691
3352,30.05872
3353,22.721216
3354,15.34187
3355,11.672532
3356,13.108189
3357,21.302822
3358,27.610382
3359,37.15918
3360,42.82778
3361,38.509468
3362,38.098667
3363,41.754147
3364,44.437393
3365,48.81848
3366,50.957336
3367,60.05627
3368,59.198277
3369,41.488434
3370,29.670914
3371,29.38938
3372,29.905533
3373,26.082405
3374,21.36936
3375,22.527903
3376,22.804838
3377,25.509459
3378,21.048874
3379,21.342382
3380,24.74047
3381,32.28714
3382,35.918507
3383,36.81087
3384,35.301437
3385,34.9388
3386,32.8276
3387,30.527021
3388,30.2391
3389,32.693478
3390,35.62576
3391,36.738605
3392,40.522408
3393,32.48629
3394,29.3622
3395,30.896164
3396,35.075428
3397,22.930738
3398,19.028217
3399,14.291201
3400,20.257423
3401,21.512506
3402,31.363585
3403,26.775412
3404,26.895437
3405,22.971004
3406,24.696302
3407,26.764067
3408,21.16309
3409,20.277033
3410,23.551186
3411,34.05282
3412,37.553402
3413,36.05903
3414,46.291798
3415,48.565952
3416,49.921875
3417,29.448326
3418,24.494219
3419,14.428743
3420,26.188536
3421,22.080006
3422,26.946047
3423,16.033278
3424,16.96622
3425,21.63807
3426,28.330456
3427,28.945002
3428,28.735134
3429,24.480883
3430,23.25804
3431,20.030516
3432,18.880487
3433,22.05107
3434,28.997173
3435,29.632545
3436,17.895653
3437,18.352652
3438,15.493597
3439,21.336214
3440,21.352371
3441,22.917404
3442,13.090065
3443,11.672532
3444,13.238383
3445,16.058779
3446,16.644297
3447,15.9135275
3448,16.283052
3449,16.651442
3450,14.924948
3451,17.875004
3452,16.60917
3453,11.672532
3454,12.25006
3455,17.95899
3456,14.57696
3457,14.317275
3458,12.195015
3459,14.538508
3460,11.740227
3461,15.946979
3462,17.134579
3463,12.720893
3464,14.162845
3465,20.45923
3466,28.779562
3467,34.233875
3468,24.52653
3469,21.851357
3470,12.003629
3471,16.77271
3472,16.543913
3473,17.579699
3474,25.15958
3475,29.143148
3476,37.12495
3477,50.49998
3478,61.667194
3479,62.87112
3480,51.373688
3481,45.258442
3482,38.91394
3483,26.52295
3484,19.633183
3485,14.133113
3486,17.911394
3487,17.21994
3488,32.978905
3489,36.185627
3490,43.365604
3491,49.41292
3492,59.309982
3493,42.30744
3494,34.805904
3495,21.76837
3496,21.368395
3497,25.437134
3498,31.976164
3499,36.821426
3500,37.57534
3501,42.86726
3502,41.033474
3503,40.42065
3504,35.24552
3505,34.26632
3506,47.359917
3507,56.27463
3508,62.528614
3509,57.195015
3510,59.89773
3511,61.892174
3512,49.88618
3513,40.00571
3514,36.2503
3515,36.527946
3516,46.866695
3517,36.43798
3518,39.738125
3519,31.377462
3520,40.0757
3521,36.885326
3522,40.994312
3523,41.777607
3524,45.296707
3525,51.37399
3526,61.787426
3527,79.76447
3528,76.17823
3529,61.76363
3530,46.038177
3531,44.661022
3532,42.723637
3533,39.47067
3534,44.745644
3535,48.78985
3536,56.766666
3537,54.622223
3538,62.945335
3539,59.169445
3540,63.213085
3541,57.374794
3542,50.39524
3543,39.54777
3544,34.724335
3545,36.194454
3546,41.651894
3547,49.90048
3548,53.55277
3549,46.134144
3550,37.242966
3551,35.69779
3552,33.679268
3553,32.028717
3554,27.918316
3555,27.270317
3556,32.717327
3557,42.37572
3558,46.07368
3559,47.755627
3560,54.93609
3561,63.035835
3562,69.69312
3563,63.364418
3564,53.476685
3565,43.604317
3566,29.386282
3567,18.366936
3568,19.370646
3569,23.24419
3570,25.952663
3571,26.793854
3572,31.102423
3573,31.757889
3574,21.478853
3575,22.75392
3576,26.966215
3577,30.100273
3578,31.231554
3579,36.759327
3580,43.23027
3581,35.48358
3582,30.95361
3583,22.54584
3584,20.458792
3585,13.216033
3586,12.971956
3587,11.672532
3588,11.672532
3589,11.903901
3590,13.354246
3591,11.672532
3592,11.672532
3593,11.672532
3594,11.672532
3595,11.672532
3596,11.672532
3597,11.672532
3598,11.672532
3599,15.782953
3600,18.08927
3601,12.817586
3602,11.672532
3603,11.672532
3604,19.828802
3605,23.506687
3606,21.889694
3607,15.8600855
3608,14.196576
3609,14.372455
3610,14.931732
3611,14.152405
3612,13.320808
3613,17.17012
3614,22.634449
3615,14.611718
3616,16.848139
3617,14.862472
3618,13.825719
3619,11.970085
3620,12.481779
3621,11.672532
3622,14.940694
3623,11.672532
3624,13.627864
3625,12.730681
3626,17.356358
3627,12.2557
3628,13.704862
3629,11.765578
3630,11.672532
3631,16.397774
3632,18.958838
3633,23.127855
3634,17.270836
3635,23.146826
3636,15.235928
3637,14.505593
3638,11.774247
3639,11.672532
3640,11.672532
3641,11.672532
3642,17.720312
3643,26.682846
3644,33.048355
3645,29.91997
3646,25.410175
3647,17.233414
3648,20.4886
3649,19.474298
3650,25.190947
3651,25.62206
3652,27.45625
3653,23.334442
3654,17.172792
3655,15.1404705
3656,19.78828
3657,16.043474
3658,18.906517
3659,18.572515
3660,28.66556
3661,24.538877
3662,27.114763
3663,24.82089
3664,28.671467
3665,25.913797
3666,27.78359
3667,22.281427
3668,28.891243
3669,26.808952
3670,30.700157
3671,25.556164
3672,20.72304
3673,15.789266
3674,14.686889
3675,14.983769
3676,18.16012
3677,23.15533
3678,26.075403
3679,23.773676
3680,26.948935
3681,20.424706
3682,24.05743
3683,33.054432
3684,31.812384
3685,25.57956
3686,19.420748
3687,18.208057
3688,20.536474
3689,24.05852
3690,27.948889
3691,29.332993
3692,24.614723
3693,24.61097
3694,23.957178
3695,23.77027
3696,24.871433
3697,21.571716
3698,16.508724
3699,14.157844
3700,13.465628
3701,13.584162
3702,13.410182
3703,11.672532
3704,11.672532
3705,11.672532
3706,11.672532
3707,11.672532
3708,15.34013
3709,14.388852
3710,17.999432
3711,11.672532
3712,14.325555
3713,11.672532
3714,19.404879
3715,13.724788
3716,25.088774
3717,20.170826
3718,23.348421
3719,24.66149
3720,32.69094
3721,26.371815
3722,15.391631
3723,13.949972
3724,15.304368
3725,20.975115
3726,22.304953
3727,35.05014
3728,46.60591
3729,38.726017
3730,31.798918
3731,30.482487
3732,31.927883
3733,30.745813
3734,28.784357
3735,23.392881
3736,21.569275
3737,18.015978
3738,16.758968
3739,14.269361
3740,15.158483
3741,31.10549
3742,35.772793
3743,33.290493
3744,26.135218
3745,29.620667
3746,36.731907
3747,36.89993
3748,27.326216
3749,37.500706
3750,41.4885
3751,44.132225
3752,34.864937
3753,31.284443
3754,23.55584
3755,23.509634
3756,24.406096
3757,21.191713
3758,17.82855
3759,15.62911
3760,15.979927
3761,15.934603
3762,17.422472
3763,13.974036
3764,17.563011
3765,17.171444
3766,16.722471
3767,19.762278
3768,21.802269
3769,25.45821
3770,21.232775
3771,22.457943
3772,29.643608
3773,38.223457
3774,41.47215
3775,31.320593
3776,31.469328
3777,28.722128
3778,30.114939
3779,32.46858
3780,32.895325
3781,26.630222
3782,20.39201
3783,18.051739
3784,18.139948
3785,16.781952
3786,16.418116
3787,15.513113
3788,14.452033
3789,20.440432
3790,27.310183
3791,25.17046
3792,18.958103
3793,15.661059
3794,11.672532
3795,17.660784
3796,26.954512
3797,31.239939
3798,26.760212
3799,21.993599
3800,26.690649
3801,33.45265
3802,39.61463
3803,35.83551
3804,32.857525
3805,28.568928
3806,23.93561
3807,35.486835
3808,17.48132
3809,15.289341
3810,14.856398
3811,22.064695
3812,29.014975
3813,33.807747
3814,36.321217
3815,33.858707
3816,30.965418
3817,32.147835
3818,27.0359
3819,22.166578
3820,16.413141
3821,11.672532
3822,12.109573
3823,22.509886
3824,32.55837
3825,35.801945
3826,38.801388
3827,48.15897
3828,36.46177
3829,38.31441
3830,32.437557
3831,28.363173
3832,24.681356
3833,20.982248
3834,16.438763
3835,16.109013
3836,26.044264
3837,37.56881
3838,41.04858
3839,27.739323
3840,24.556467
3841,24.201649
3842,22.19922
3843,19.298447
3844,14.123401
3845,18.941439
3846,19.535696
3847,22.62233
3848,20.5966
3849,21.800558
3850,28.996578
3851,32.445663
3852,34.319916
3853,33.26722
3854,24.813091
3855,16.862715
3856,15.253934
3857,14.593268
3858,14.940052
3859,20.266706
3860,17.110523
3861,16.333607
3862,11.684236
3863,12.371664
3864,14.036328
3865,26.415121
3866,20.408035
3867,17.731247
3868,14.580988
3869,20.725569
3870,28.542513
3871,24.747711
3872,23.3416
3873,20.015736
3874,30.960054
3875,30.174686
3876,32.437244
3877,26.987135
3878,21.875153
3879,24.535612
3880,25.638186
3881,22.88158
3882,26.442831
3883,25.841192
3884,24.37934
3885,24.42944
3886,19.31676
3887,17.958563
3888,12.777405
3889,17.517063
3890,17.941778
3891,25.821623
3892,15.224912
3893,11.672532
3894,11.672532
3895,11.672532
3896,15.22599
3897,25.956192
3898,33.770004
3899,34.141476
3900,18.230152
3901,16.784554
3902,16.728867
3903,17.734888
3904,17.017017
3905,14.698152
3906,12.56099
3907,21.756458
3908,20.572906
3909,19.601187
3910,14.484099
3911,11.672532
3912,11.672532
3913,12.360133
3914,13.818184
3915,13.2798195
3916,14.525496
3917,11.673879
3918,12.3344555
3919,11.950368
3920,11.788809
3921,12.545357
3922,15.857232
3923,14.941801
3924,11.672532
3925,12.981309
3926,13.02328
3927,13.641399
3928,11.672532
3929,12.042905
3930,19.694195
3931,20.40508
3932,19.870731
3933,17.647215
3934,16.49867
3935,17.192152
3936,17.22234
3937,13.127671
3938,12.864011
3939,11.672532
3940,13.013747
3941,11.672532
3942,11.685542
3943,11.672532
3944,23.163942
3945,25.315811
3946,18.93226
3947,17.55209
3948,13.069278
3949,13.884872
3950,14.280652
3951,13.776761
3952,13.268664
3953,12.806224
3954,14.926849
3955,13.647841
3956,15.200758
3957,11.672532
3958,11.672532
3959,11.672532
3960,11.672532
3961,11.672532
3962,11.672532
3963,12.360305
3964,16.4079
3965,15.541861
3966,18.25276
3967,14.605644
3968,24.933521
3969,21.447506
3970,21.436838
3971,16.812098
3972,16.590307
3973,11.672532
3974,11.672532
3975,11.672532
3976,12.020545
3977,11.672532
3978,16.513086
3979,12.496772
3980,15.461454
3981,13.467537
3982,19.98504
3983,16.666973
3984,17.777811
3985,23.58649
3986,21.759195
3987,21.014435
3988,12.998645
3989,12.743081
3990,14.228258
3991,12.034157
3992,15.0365925
3993,12.859837
3994,15.98626
3995,16.062832
3996,15.314284
3997,13.775491
3998,14.503079
3999,14.967858
4000,13.86401
4001,11.672532
4002,20.802677
4003,18.86278
4004,21.900791
4005,17.628157
4006,15.995173
4007,11.672532
4008,11.672532
4009,11.672532
4010,11.672532
4011,15.061919
4012,15.063096
4013,15.615815
4014,14.365581
4015,12.577421
4016,13.991949
4017,14.7835655
4018,12.500089
4019,12.203946
4020,11.672532
4021,12.742956
4022,11.972154
4023,11.672532
4024,14.467895
4025,14.102758
4026,15.310317
4027,11.672532
4028,11.672532
4029,11.672532
4030,11.672532
4031,13.070021
4032,11.672532
4033,11.672532
4034,12.009641
4035,13.329626
4036,15.117987
4037,13.964518
4038,13.656816
4039,13.51555
4040,13.200776
4041,11.672532
4042,11.672532
4043,13.416383
4044,14.691922
4045,15.677164
4046,15.191224
4047,15.003536
4048,18.419134
4049,12.407768
4050,12.506864
4051,11.672532
4052,18.914558
4053,21.102648
4054,31.42183
4055,15.7952585
4056,11.847468
4057,11.672532
4058,11.672532
4059,11.672532
4060,19.094582
4061,18.880226
4062,12.8170185
4063,13.30629
4064,20.068707
4065,18.07443
4066,15.291164
4067,18.245745
4068,19.131798
4069,18.461456
4070,14.718421
4071,13.206652
4072,16.637405
4073,17.38791
4074,20.25333
4075,20.019924
4076,23.936695
4077,24.593891
4078,13.602435
4079,13.945408
4080,11.672532
4081,24.064867
4082,20.76723
4083,20.669815
4084,17.068554
4085,16.397142
4086,18.395401
4087,18.220284
4088,30.999687
4089,25.34883
4090,21.362436
4091,13.774552
4092,16.431976
4093,15.783695
4094,14.707948
4095,13.107505
4096,13.103482
4097,13.978654
4098,13.551029
4099,13.512591
4100,14.941614
4101,17.007215
4102,21.759686
4103,20.501497
4104,22.891745
4105,18.079393
4106,23.260696
4107,18.08066
4108,17.502157
4109,12.665343
4110,12.685277
4111,16.581099
4112,20.698832
4113,24.712599
4114,17.489637
4115,19.604506
4116,16.186005
4117,15.364795
4118,15.406233
4119,14.971208
4120,15.06014
4121,12.449843
4122,12.1613035
4123,14.364554
4124,13.802907
4125,14.925112
4126,13.250114
4127,11.672532
4128,14.287222
4129,19.159113
4130,16.037521
4131,15.602029
4132,12.00597
4133,19.427097
4134,19.666492
4135,25.080372
4136,24.051691
4137,17.806477
4138,15.008238
4139,15.212872
4140,16.246218
4141,16.180248
4142,16.659714
4143,16.559402
4144,16.534779
4145,15.279984
4146,15.6159315
4147,15.943292
4148,12.856942
4149,13.994632
4150,12.729812
4151,11.889506
4152,14.035953
4153,23.214102
4154,21.010172
4155,18.477238
4156,24.876297
4157,25.200804
4158,33.708294
4159,27.154642
4160,26.954159
4161,24.329264
4162,14.830059
4163,16.294426
4164,16.02034
4165,17.578444
4166,16.764126
4167,16.630802
4168,16.185266
4169,16.271116
4170,14.808909
4171,14.509371
4172,12.829388
4173,13.479022
4174,11.672532
4175,12.82912
4176,11.755867
4177,11.672532
4178,11.672532
4179,18.412195
4180,18.515413
4181,18.481768
4182,12.679183
4183,14.754925
4184,14.404614
4185,18.652077
4186,17.805658
4187,15.022304
4188,15.558035
4189,15.8727255
4190,15.40968
4191,15.792018
4192,15.134135
4193,14.746087
4194,14.135898
4195,14.668349
4196,14.815632
4197,13.526006
4198,13.280703
4199,11.672532
4200,11.672532
4201,11.672532
4202,12.02532
4203,11.672532
4204,11.672532
4205,11.672532
4206,11.672532
4207,11.720013
4208,12.881846
4209,15.185681
4210,15.1125345
4211,14.041644
4212,14.209241
4213,14.57171
4214,15.149877
4215,15.918321
4216,15.847562
4217,15.545839
4218,15.081189
4219,15.189566
4220,13.296518
4221,11.853301
4222,11.672532
4223,13.107685
4224,13.793617
4225,13.81964
4226,14.646377
4227,15.176956
4228,14.066375
4229,11.672532
4230,11.672532
4231,11.672532
4232,12.140601
4233,13.7602215
4234,14.3937435
4235,14.684887
4236,14.984283
4237,14.544133
4238,14.899099
4239,14.816002
4240,15.021819
4241,16.3616
4242,13.653891
4243,12.301302
4244,11.790828
4245,14.908214
4246,14.25594
4247,15.319413
4248,14.7321005
4249,11.672532
4250,13.780969
4251,12.225847
4252,11.672532
4253,12.64227
4254,11.672532
4255,13.4711075
4256,15.950576
4257,15.697522
4258,15.91209
4259,18.942863
4260,14.006059
4261,14.836221
4262,13.634351
4263,18.885277
4264,12.162669
4265,15.391781
4266,15.304244
4267,11.672532
4268,11.672532
4269,13.074105
4270,11.672532
4271,11.810605
4272,11.672532
4273,11.672532
4274,11.672532
4275,11.672532
4276,11.672532
4277,11.672532
4278,11.672532
4279,11.672532
4280,11.672532
4281,11.672532
4282,11.672532
4283,16.838522
4284,14.055563
4285,14.75044
4286,14.217298
4287,13.263097
4288,13.125295
4289,13.437095
4290,13.907856
4291,13.26314
4292,12.795344
4293,12.242646
4294,11.672532
4295,11.672532
4296,11.672532
4297,11.672532
4298,13.6365385
4299,11.672532
4300,11.672532
4301,11.672532
4302,11.672532
4303,15.001352
4304,16.268227
4305,27.430485
4306,21.946604
4307,26.412344
4308,23.317719
4309,18.74873
4310,19.446133
4311,18.878637
4312,21.70032
4313,17.4611
4314,20.805494
4315,16.393425
4316,23.602512
4317,22.543425
4318,25.612762
4319,25.367636
4320,20.920292
4321,17.801456
4322,11.672532
4323,13.68894
4324,13.324028
4325,11.672532
4326,12.347665
4327,16.669474
4328,24.772741
4329,19.402397
4330,21.476938
4331,27.836382
4332,35.77396
4333,36.781715
4334,26.899305
4335,15.491935
4336,12.394641
4337,11.672532
4338,24.146454
4339,21.382399
4340,24.45944
4341,23.548248
4342,31.998566
4343,25.696735
4344,23.738226
4345,18.443748
4346,21.649641
4347,16.320425
4348,12.549092
4349,31.453968
4350,26.812414
4351,28.190035
4352,11.672532
4353,15.210305
4354,20.870502
4355,26.7092
4356,22.867117
4357,12.651176
4358,18.568995
4359,14.267797
4360,21.216713
4361,14.238314
4362,19.71538
4363,15.386702
4364,11.672532
4365,11.672532
4366,11.672532
4367,12.770478
4368,12.625916
4369,11.920387
4370,13.670533
4371,11.672532
4372,12.324147
4373,11.672532
4374,11.672532
4375,14.445992
4376,14.139211
4377,17.186935
4378,15.625909
4379,14.8803425
4380,15.639231
4381,14.572099
4382,15.713291
4383,15.775153
4384,14.975799
4385,14.048639
4386,14.211957
4387,14.8144865
4388,11.672532
4389,11.752288
4390,11.672532
4391,11.672532
4392,11.672532
4393,11.672532
4394,11.672532
4395,11.672532
4396,11.672532
4397,11.672532
4398,14.986704
4399,12.707757
4400,14.854249
4401,22.543795
4402,15.862623
4403,14.889586
4404,14.639163
4405,14.821963
4406,15.648971
4407,17.057333
4408,15.633798
4409,13.788466
4410,13.747508
4411,11.672532
4412,12.540992
4413,11.954646
4414,11.672532
4415,11.672532
4416,14.46014
4417,14.109031
4418,11.672532
4419,14.620382
4420,12.615899
4421,17.348904
4422,16.863455
4423,20.702637
4424,22.569414
4425,19.432787
4426,19.45352
4427,11.672532
4428,12.103941
4429,11.672532
4430,11.672532
4431,11.672532
4432,17.593765
4433,20.499483
4434,21.681377
4435,18.890099
4436,21.21604
4437,19.524784
4438,31.78538
4439,30.092054
4440,30.91184
4441,22.3448
4442,13.541448
4443,14.845727
4444,20.31045
4445,20.526964
4446,18.245075
4447,14.287441
4448,20.477562
4449,21.881086
4450,20.445093
4451,17.73301
4452,17.77596
4453,23.098186
4454,22.361246
4455,20.545464
4456,17.85267
4457,19.668718
4458,25.180208
4459,18.223038
4460,18.751503
4461,18.86965
4462,22.65983
4463,32.316128
4464,30.718246
4465,33.391407
4466,34.065865
4467,32.559666
4468,32.785694
4469,21.343557
4470,25.029463
4471,26.589884
4472,28.969316
4473,22.9894
4474,20.224337
4475,19.331354
4476,25.434477
4477,19.471634
4478,15.366443
4479,12.380607
4480,11.672532
4481,15.797587
4482,24.218615
4483,21.848461
4484,21.05279
4485,15.278823
4486,13.796976
4487,12.319539
4488,16.62404
4489,21.451675
4490,19.429218
4491,17.187572
4492,17.399208
4493,12.15642
4494,18.80136
4495,13.215662
4496,16.023878
4497,16.057453
4498,15.571607
4499,15.5887165
4500,12.010404
4501,17.779871
4502,19.752752
4503,24.02057
4504,11.672532
4505,12.695026
4506,11.672532
4507,14.13062
4508,14.104786
4509,24.510069
4510,17.512405
4511,11.672532
4512,11.672532
4513,11.672532
4514,11.836213
4515,14.48098
4516,14.59087
4517,16.566137
4518,11.672532
4519,15.1025
4520,18.912321
4521,19.904142
4522,18.647306
4523,17.463484
4524,19.166798
4525,16.859268
4526,16.743425
4527,15.951728
4528,16.443823
4529,16.572844
4530,16.4155
4531,11.752136
4532,11.672532
4533,11.721908
4534,11.672532
4535,11.672532
4536,11.672532
4537,11.672532
4538,11.672532
4539,12.413655
4540,12.064844
4541,12.811112
4542,11.672532
4543,11.672532
4544,11.694723
4545,14.752037
4546,14.761149
4547,14.197389
4548,21.677599
4549,20.700619
4550,21.017075
4551,18.339308
4552,18.269567
4553,18.59011
4554,20.601984
4555,17.840477
4556,13.8204565
4557,12.390973
4558,13.55065
4559,13.988103
4560,14.931395
4561,16.739824
4562,13.89763
4563,11.672532
4564,11.733871
4565,11.672532
4566,11.672532
4567,12.284797
4568,11.672532
4569,16.946682
4570,20.381872
4571,18.922419
4572,17.490856
4573,15.92542
4574,14.927707
4575,15.681928
4576,13.4787
4577,14.202176
4578,14.043499
4579,14.282775
4580,15.956521
4581,16.68259
4582,13.668596
4583,16.931896
4584,13.245258
4585,14.04481
4586,14.15281
4587,16.549147
4588,12.840865
4589,15.732342
4590,17.997393
4591,20.896687
4592,21.311064
4593,13.236197
4594,14.118762
4595,16.81453
4596,18.684446
4597,19.430498
4598,24.296885
4599,15.579974
4600,15.13182
4601,15.212619
4602,13.062594
4603,15.515657
4604,23.65026
4605,40.148663
4606,28.031895
4607,25.499563
4608,15.738395
4609,18.738932
4610,13.093747
4611,11.672532
4612,17.894125
4613,14.636165
4614,21.452536
4615,16.652754
4616,19.270247
4617,14.775681
4618,21.736565
4619,35.962906
4620,36.79116
4621,32.890724
4622,24.902569
4623,24.347307
4624,20.842783
4625,12.937369
4626,13.656215
4627,16.857275
4628,34.65553
4629,42.480427
4630,33.388542
4631,21.823168
4632,20.158697
4633,19.824
4634,23.603308
4635,18.400766
4636,16.475193
4637,12.190479
4638,16.32018
4639,16.430729
4640,24.920214
4641,23.012926
4642,19.93205
4643,21.74328
4644,19.700153
4645,25.525366
4646,22.891466
4647,24.19299
4648,29.62077
4649,31.163755
4650,28.996235
4651,15.871123
4652,20.022392
4653,25.487839
4654,24.650095
4655,27.173811
4656,27.382004
4657,30.183527
4658,24.052944
4659,15.076703
4660,13.969887
4661,15.434102
4662,22.095465
4663,26.955976
4664,25.687693
4665,24.6721
4666,21.875544
4667,31.528585
4668,31.529943
4669,36.893433
4670,25.292387
4671,20.59495
4672,15.90051
4673,14.171964
4674,19.87533
4675,15.404589
4676,17.537888
4677,18.766703
4678,25.560783
4679,26.543844
4680,27.789465
4681,25.034195
4682,24.953278
4683,17.949598
4684,21.24699
4685,21.151056
4686,26.892206
4687,24.108698
4688,26.078503
4689,27.98124
4690,25.14353
4691,23.438425
4692,19.660658
4693,23.106878
4694,22.98026
4695,21.835081
4696,24.524569
4697,27.849289
4698,32.427383
4699,31.93853
4700,29.538805
4701,21.263037
4702,26.59096
4703,37.378044
4704,41.4396
4705,40.958103
4706,31.235752
4707,22.771374
4708,17.14464
4709,23.172396
4710,26.478544
4711,27.502249
4712,22.902721
4713,32.03543
4714,34.669735
4715,42.81896
4716,38.351994
4717,43.457798
4718,40.728817
4719,27.952852
4720,16.316206
4721,11.672532
4722,11.672532
4723,11.672532
4724,20.401464
4725,19.068007
4726,27.591375
4727,23.11936
4728,27.355774
4729,24.708815
4730,31.198435
4731,27.2979
4732,18.684002
4733,17.550133
4734,25.158
4735,29.612165
4736,18.473013
4737,25.451654
4738,25.17069
4739,33.409092
4740,26.106789
4741,27.613815
4742,28.409163
4743,30.35037
4744,34.509808
4745,40.392178
4746,40.051853
4747,31.373898
4748,26.161211
4749,31.71704
4750,35.41616
4751,37.801796
4752,28.59728
4753,26.3552
4754,29.628984
4755,30.865925
4756,35.164272
4757,32.590996
4758,31.92932
4759,26.71728
4760,35.227093
4761,41.92901
4762,51.011677
4763,45.293396
4764,48.553127
4765,30.823355
4766,39.96503
4767,59.98799
4768,55.88731
4769,47.911476
4770,32.189556
4771,26.523565
4772,19.175322
4773,13.2847595
4774,11.672532
4775,11.672532
4776,11.672532
4777,18.135492
4778,25.579016
4779,29.82223
4780,24.987146
4781,26.274632
4782,26.294289
4783,26.058294
4784,27.430029
4785,28.652716
4786,33.489994
4787,39.81103
4788,42.736397
4789,36.899265
4790,28.60622
4791,27.520464
4792,28.021833
4793,34.913128
4794,40.1305
4795,44.322613
4796,38.86626
4797,37.04096
4798,32.448112
4799,34.435326
4800,31.74561
4801,27.724953
4802,20.22792
4803,18.37428
4804,18.340952
4805,22.4297
4806,28.308523
4807,38.34214
4808,38.441555
4809,36.474655
4810,33.260777
4811,40.205284
4812,42.333736
4813,38.73314
4814,31.940691
4815,28.404833
4816,27.69527
4817,28.710848
4818,29.519634
4819,31.842676
4820,37.805637
4821,42.078926
4822,49.882668
4823,38.865734
4824,29.600254
4825,32.39499
4826,33.165195
4827,40.046608
4828,32.971664
4829,27.512291
4830,28.030306
4831,27.074772
4832,26.593096
4833,33.41536
4834,31.307405
4835,34.674706
4836,36.33345
4837,41.50414
4838,39.98828
4839,34.896484
4840,33.494198
4841,28.372517
4842,26.667072
4843,16.860676
4844,15.9716
4845,11.672532
4846,22.052935
4847,15.052485
4848,15.819206
4849,22.500784
4850,18.53099
4851,15.794758
4852,14.369218
4853,17.211332
4854,22.28741
4855,20.299438
4856,32.758965
4857,31.31972
4858,33.263916
4859,36.57822
4860,39.709076
4861,40.731953
4862,34.083755
4863,35.2253
4864,32.863064
4865,30.31952
4866,23.625866
4867,25.604141
4868,24.27143
4869,23.387032
4870,21.59146
4871,20.887566
4872,15.931281
4873,16.957075
4874,18.231737
4875,18.062883
4876,18.843454
4877,17.379877
4878,18.116158
4879,20.932209
4880,20.796267
4881,26.182634
4882,28.076637
4883,34.6382
4884,31.649809
4885,20.962507
4886,16.63377
4887,18.553017
4888,18.446053
4889,15.465187
4890,13.289804
4891,19.79389
4892,24.909872
4893,27.81368
4894,28.955372
4895,28.605747
4896,19.713377
4897,14.375655
4898,11.672532
4899,12.232966
4900,14.093064
4901,17.966562
4902,16.645609
4903,15.740813
4904,14.052878
4905,20.94866
4906,24.25147
4907,29.758709
4908,35.18615
4909,40.156357
4910,26.732582
4911,17.100286
4912,16.939514
4913,17.085993
4914,17.084894
4915,23.822525
4916,21.890467
4917,22.564096
4918,21.020857
4919,21.680487
4920,23.512253
4921,16.083565
4922,15.60341
4923,11.756234
4924,14.251776
4925,11.672532
4926,12.040207
4927,15.423293
4928,20.634983
4929,25.73262
4930,20.37303
4931,27.681532
4932,28.9478
4933,30.81922
4934,27.627985
4935,25.824198
4936,17.039515
4937,20.758377
4938,18.677168
4939,16.356562
4940,19.302076
4941,18.92346
4942,24.113842
4943,18.397892
4944,15.777208
4945,17.069891
4946,17.069725
4947,18.72912
4948,15.688044
4949,16.66367
4950,17.050474
4951,19.872747
4952,26.257109
4953,22.95787
4954,23.315681
4955,25.750904
4956,23.32213
4957,39.136696
4958,28.922495
4959,23.318193
4960,18.10939
4961,15.768732
4962,26.92998
4963,21.201115
4964,21.913696
4965,21.005106
4966,30.37288
4967,21.851042
4968,23.30019
4969,25.371202
4970,17.617342
4971,21.04643
4972,24.170786
4973,24.759682
4974,25.37229
4975,25.626518
4976,31.468067
4977,27.547762
4978,24.853477
4979,28.000216
4980,18.795755
4981,22.62404
4982,27.700031
4983,26.53279
4984,22.560669
4985,24.118631
4986,29.082565
4987,25.851568
4988,19.649378
4989,19.865343
4990,27.465454
4991,26.930105
4992,23.152384
4993,14.4436655
4994,11.672532
4995,16.123434
4996,25.059488
4997,28.06127
4998,27.739515
4999,29.127926
5000,35.447792
5001,31.412508
5002,29.403133
5003,31.26364
5004,30.411999
5005,30.109625
5006,23.904995
5007,22.078295
5008,23.565168
5009,20.582731
5010,24.302986
5011,24.258724
5012,24.049389
5013,26.292772
5014,33.898987
5015,38.819763
5016,38.25742
5017,34.356766
5018,35.190186
5019,31.63915
5020,29.008617
5021,31.702456
5022,36.18102
5023,41.83654
5024,42.22749
5025,47.558277
5026,40.712185
5027,57.8378
5028,49.128723
5029,33.213997
5030,25.60768
5031,21.159327
5032,25.166138
5033,24.15391
5034,21.305569
5035,20.483088
5036,11.936919
5037,11.672532
5038,11.672532
5039,15.772909
5040,20.355795
5041,22.115992
5042,24.939701
5043,16.784267
5044,16.138735
5045,12.450077
5046,13.175391
5047,13.921487
5048,14.780705
5049,14.803966
5050,14.450338
5051,14.2470875
5052,13.629866
5053,23.243336
5054,23.013012
5055,26.049532
5056,17.39624
5057,15.4754505
5058,14.655119
5059,14.461192
5060,13.954288
5061,14.8715315
5062,14.943848
5063,14.444202
5064,13.886832
5065,13.045219
5066,15.845048
5067,16.71433
5068,16.558395
5069,16.544481
5070,15.968868
5071,15.322717
5072,13.413176
5073,12.847916
5074,12.300682
5075,11.672532
5076,11.672532
5077,13.08685
5078,14.980125
5079,19.178673
5080,22.960402
5081,25.64409
5082,27.766533
5083,30.453651
5084,30.180716
5085,28.872438
5086,28.0796
5087,28.021433
5088,25.761469
5089,22.830292
5090,18.378479
5091,18.277777
5092,16.69099
5093,16.648886
5094,16.084148
5095,15.937648
5096,14.6308565
5097,14.016366
5098,12.0418005
5099,11.672532
5100,18.03642
5101,28.582497
5102,24.838903
5103,31.097353
5104,15.200124
5105,19.93558
5106,17.254532
5107,16.693758
5108,26.310144
5109,30.164843
5110,41.08254
5111,25.630928
5112,16.681204
5113,18.580456
5114,18.194237
5115,18.232487
5116,16.472502
5117,16.202482
5118,15.755289
5119,14.944023
5120,14.685223
5121,28.18482
5122,24.028185
5123,11.672532
5124,11.672532
5125,11.672532
5126,18.20819
5127,13.630287
5128,21.124159
5129,21.67448
5130,23.968798
5131,26.418108
5132,28.736097
5133,38.278755
5134,35.642246
5135,36.162697
5136,40.278095
5137,50.405518
5138,40.34818
5139,49.8331
5140,44.87045
5141,44.644917
5142,37.569416
5143,29.641253
5144,34.66705
5145,28.376833
5146,31.378653
5147,25.122522
5148,23.033276
5149,25.651142
5150,29.920084
5151,25.239216
5152,33.77313
5153,23.396177
5154,23.803818
5155,14.666152
5156,16.884548
5157,21.123028
5158,23.86805
5159,18.34419
5160,14.387908
5161,14.055476
5162,20.745085
5163,24.001545
5164,18.763374
5165,22.411856
5166,26.455484
5167,32.02566
5168,32.462997
5169,33.420822
5170,31.54539
5171,26.672892
5172,24.13911
5173,25.568924
5174,28.635256
5175,30.662386
5176,24.37181
5177,17.745668
5178,18.381739
5179,21.141794
5180,17.064203
5181,18.986084
5182,23.656225
5183,31.691057
5184,33.828373
5185,26.523275
5186,22.790972
5187,20.954096
5188,25.13258
5189,21.8369
5190,27.416561
5191,22.857075
5192,33.480633
5193,34.959007
5194,36.427574
5195,30.603514
5196,25.66837
5197,23.69198
5198,25.455667
5199,25.55776
5200,25.737684
5201,21.252344
5202,18.289333
5203,19.177647
5204,25.854189
5205,27.59058
5206,22.59315
5207,23.089008
5208,24.648232
5209,25.872496
5210,21.094692
5211,16.204897
5212,16.75428
5213,22.329313
5214,24.48901
5215,24.537333
5216,24.192812
5217,23.626348
5218,22.193945
5219,17.946482
5220,17.424006
5221,14.9495125
5222,17.599068
5223,17.731054
5224,17.690056
5225,17.585917
5226,16.764334
5227,24.891035
5228,25.714634
5229,23.732458
5230,25.277458
5231,27.263636
5232,25.414639
5233,24.87831
5234,18.94355
5235,14.75877
5236,20.256535
5237,24.25541
5238,27.926832
5239,32.027496
5240,33.968952
5241,25.4873
5242,16.400476
5243,15.815628
5244,15.676849
5245,16.44088
5246,20.73357
5247,17.574389
5248,19.298988
5249,13.062381
5250,15.223866
5251,15.717668
5252,19.05892
5253,14.223908
5254,16.11042
5255,11.672532
5256,13.859396
5257,11.672532
5258,15.627023
5259,25.115345
5260,28.086569
5261,28.586073
5262,27.98005
5263,20.17534
5264,41.814354
5265,31.165659
5266,18.270882
5267,12.271277
5268,12.599336
5269,13.366938
5270,13.616447
5271,14.296222
5272,11.672532
5273,12.775577
5274,12.845283
5275,11.672532
5276,11.672532
5277,11.821374
5278,12.209232
5279,14.30291
5280,15.72105
5281,17.354671
5282,20.98396
5283,25.48187
5284,22.280012
5285,19.150583
5286,15.555448
5287,15.370856
5288,24.389093
5289,24.021088
5290,18.895458
5291,20.266382
5292,20.66561
5293,17.306973
5294,17.655
5295,17.156958
5296,16.31248
5297,11.672532
5298,15.961831
5299,12.762734
5300,14.4822235
5301,11.672532
5302,14.496346
5303,16.984417
5304,22.325888
5305,16.448545
5306,16.104076
5307,15.61438
5308,14.428817
5309,20.70889
5310,22.602556
5311,21.78861
5312,26.919397
5313,29.519602
5314,29.769644
5315,27.21205
5316,23.924473
5317,23.032295
5318,15.374206
5319,16.049385
5320,16.464283
5321,17.59524
5322,20.263609
5323,17.984644
5324,15.32228
5325,16.9891
5326,25.7974
5327,27.30773
5328,27.678053
5329,20.774012
5330,19.598188
5331,12.710893
5332,14.535613
5333,19.704182
5334,25.659824
5335,25.81603
5336,29.974726
5337,30.706305
5338,27.386549
5339,27.106266
5340,19.433664
5341,15.775155
5342,14.442536
5343,14.321219
5344,13.351924
5345,19.61813
5346,23.694178
5347,30.008474
5348,23.045816
5349,17.984701
5350,16.245173
5351,17.513575
5352,13.285694
5353,15.913055
5354,15.200364
5355,17.17507
5356,15.9014845
5357,19.474146
5358,28.5572
5359,37.285526
5360,35.292675
5361,22.751078
5362,18.55838
5363,19.746735
5364,17.038246
5365,15.7878895
5366,15.561519
5367,15.922191
5368,18.486275
5369,16.82971
5370,14.394424
5371,14.379884
5372,17.844727
5373,20.909937
5374,19.436167
5375,17.43029
5376,17.644512
5377,15.383012
5378,21.085106
5379,20.101038
5380,20.246508
5381,20.333857
5382,23.540966
5383,35.26565
5384,29.011763
5385,17.599365
5386,19.069654
5387,16.063797
5388,15.253313
5389,16.479137
5390,15.132836
5391,14.272426
5392,14.298632
5393,14.449736
5394,14.14595
5395,13.799972
5396,12.9511
5397,11.930167
5398,13.385093
5399,13.23666
5400,12.676426
5401,11.672532
5402,16.224628
5403,18.274036
5404,21.446518
5405,19.15598
5406,19.464874
5407,11.672532
5408,17.623018
5409,16.503216
5410,13.510013
5411,15.103256
5412,16.724382
5413,15.9832945
5414,17.541924
5415,16.597279
5416,15.776717
5417,16.769552
5418,17.208376
5419,14.324628
5420,13.238958
5421,13.651383
5422,11.672532
5423,14.830983
5424,13.619128
5425,16.205515
5426,11.672532
5427,11.672532
5428,11.672532
5429,18.022951
5430,11.672532
5431,11.672532
5432,11.672532
5433,16.47684
5434,16.164738
5435,15.960298
5436,16.160944
5437,15.430316
5438,16.551939
5439,16.54142
5440,16.010256
5441,16.187803
5442,15.617383
5443,13.5461
5444,16.295147
5445,12.020608
5446,17.486471
5447,17.38236
5448,17.236305
5449,12.498414
5450,12.222848
5451,11.672532
5452,11.672532
5453,17.544022
5454,15.032481
5455,12.68621
5456,14.790978
5457,11.97192
5458,14.262679
5459,13.103019
5460,13.406761
5461,14.616183
5462,14.396866
5463,14.414252
5464,14.154897
5465,13.898087
5466,13.697164
5467,11.984652
5468,13.115961
5469,14.456375
5470,11.672532
5471,18.429556
5472,21.72424
5473,27.101433
5474,21.460873
5475,16.313414
5476,11.672532
5477,11.672532
5478,11.672532
5479,19.78591
5480,20.055382
5481,20.91304
5482,20.115854
5483,20.672476
5484,21.607529
5485,28.358856
5486,24.54364
5487,24.277308
5488,19.975191
5489,21.726204
5490,12.420585
5491,11.672532
5492,11.672532
5493,11.672532
5494,12.002142
5495,12.786519
5496,11.672532
5497,11.672532
5498,11.672532
5499,17.829828
5500,21.521696
5501,19.606129
5502,15.034307
5503,13.857761
5504,11.672532
5505,15.5589905
5506,16.868696
5507,16.40889
5508,12.729751
5509,13.668347
5510,12.944597
5511,13.965497
5512,13.170374
5513,12.614074
5514,12.753144
5515,11.672532
5516,11.672532
5517,11.672532
5518,12.145038
5519,14.002778
5520,17.39807
5521,20.455397
5522,20.099209
5523,24.635149
5524,21.6542
5525,19.902931
5526,20.993206
5527,18.536104
5528,18.57855
5529,17.614374
5530,18.226645
5531,16.922094
5532,13.603155
5533,13.84742
5534,13.346332
5535,14.21457
5536,14.024271
5537,13.834449
5538,13.590071
5539,13.114509
5540,13.421371
5541,13.2581625
5542,12.094235
5543,13.434045
5544,12.710445
5545,15.336457
5546,17.623064
5547,18.182259
5548,14.036843
5549,14.502646
5550,16.280796
5551,21.098991
5552,20.309553
5553,26.164604
5554,26.236628
5555,20.121017
5556,18.838596
5557,20.263468
5558,19.40306
5559,19.43428
5560,21.145271
5561,25.837086
5562,20.524477
5563,19.287848
5564,18.224676
5565,18.082262
5566,22.675383
5567,20.280878
5568,17.682425
5569,13.963925
5570,13.4467
5571,13.877605
5572,14.900363
5573,11.672532
5574,12.869363
5575,17.006039
5576,19.849474
5577,14.469505
5578,12.433403
5579,24.25853
5580,32.125336
5581,36.99304
5582,55.34697
5583,25.112915
5584,56.45925
5585,38.337288
5586,40.83789
5587,37.33427
5588,48.09449
5589,44.567616
5590,41.71245
5591,50.554398
5592,77.792
5593,74.17118
5594,61.96492
5595,62.35619
5596,59.686203
5597,53.967484
5598,40.100983
5599,42.396454
5600,48.830906
5601,50.126217
5602,50.70699
5603,56.914303
5604,47.95634
5605,42.22127
5606,32.593414
5607,41.16994
5608,32.14393
5609,23.786175
5610,39.859158
5611,21.426119
5612,17.816042
5613,18.48706
5614,23.590296
5615,31.29666
5616,26.710674
5617,25.290178
5618,16.275358
5619,18.978077
5620,14.433938
5621,15.395296
5622,12.331041
5623,12.427862
5624,22.983355
5625,26.848852
5626,28.658998
5627,27.671883
5628,30.376402
5629,28.74
5630,26.011284
5631,20.920786
5632,21.114565
5633,21.14171
5634,19.77986
5635,18.271788
5636,19.34456
5637,23.970587
5638,21.142498
5639,19.113338
5640,22.265778
5641,21.90957
5642,32.734234
5643,32.67381
5644,29.199593
5645,21.27214
5646,18.679497
5647,19.44604
5648,22.733246
5649,22.41775
5650,26.071962
5651,33.38389
5652,38.414185
5653,44.525265
5654,38.43556
5655,18.919203
5656,15.20326
5657,19.503698
5658,29.453878
5659,23.181103
5660,17.865435
5661,22.249592
5662,26.828726
5663,29.998867
5664,32.85
5665,30.81536
5666,28.621244
5667,26.806326
5668,28.739548
5669,29.89234
5670,27.665022
5671,24.706268
5672,28.98684
5673,26.149557
5674,24.251623
5675,23.586727
5676,26.229815
5677,26.311354
5678,25.691553
5679,25.470455
5680,29.557844
5681,33.316406
5682,31.817446
5683,26.295595
5684,21.539442
5685,20.627657
5686,19.38339
5687,24.518211
5688,29.281244
5689,29.828985
5690,31.519894
5691,29.916183
5692,29.852612
5693,27.711872
5694,32.22588
5695,39.951344
5696,39.398533
5697,39.63625
5698,40.956623
5699,40.169724
5700,42.227554
5701,41.586605
5702,40.541264
5703,34.74645
5704,35.05853
5705,30.34107
5706,23.112448
5707,24.243755
5708,25.162012
5709,23.61718
5710,20.270325
5711,28.523972
5712,34.650414
5713,40.66126
5714,30.650282
5715,27.590815
5716,30.693514
5717,28.915789
5718,34.65414
5719,35.40575
5720,34.663963
5721,23.72021
5722,22.96975
5723,32.391865
5724,36.85437
5725,29.592272
5726,26.842413
5727,17.44703
5728,17.956656
5729,14.244869
5730,11.897184
5731,11.672532
5732,11.672532
5733,11.672532
5734,12.733092
5735,14.130599
5736,13.966462
5737,11.672532
5738,11.672532
5739,12.319165
5740,22.592293
5741,17.856289
5742,18.555506
5743,19.054296
5744,21.538181
5745,17.55179
5746,12.406106
5747,14.743699
5748,22.947836
5749,22.264917
5750,28.162884
5751,27.459913
5752,20.878675
5753,24.98416
5754,23.497145
5755,20.217386
5756,13.323368
5757,13.180302
5758,11.672532
5759,15.937792
5760,19.406628
5761,24.02756
5762,26.7662
5763,24.152203
5764,16.480894
5765,16.634342
5766,11.672532
5767,21.249819
5768,31.072735
5769,31.99432
5770,32.966904
5771,27.942884
5772,27.875885
5773,27.741129
5774,29.3338
5775,21.472929
5776,19.800327
5777,18.595007
5778,30.441725
5779,28.868921
5780,31.713503
5781,23.655384
5782,24.08278
5783,18.83805
5784,14.0936165
5785,15.010538
5786,21.951202
5787,32.702183
5788,32.965164
5789,29.7564
5790,26.410967
5791,29.681467
5792,35.98602
5793,29.181194
5794,22.84505
5795,24.084105
5796,21.964125
5797,22.736341
5798,21.019827
5799,30.83601
5800,38.04815
5801,36.15919
5802,53.147
5803,59.12576
5804,67.38145
5805,66.34479
5806,56.130894
5807,50.646954
5808,34.134876
5809,48.55601
5810,41.977383
5811,45.247868
5812,50.171368
5813,50.746628
5814,49.93939
5815,51.860657
5816,58.127632
5817,65.656395
5818,53.856804
5819,60.695175
5820,57.967297
5821,58.682133
5822,52.331524
5823,37.681507
5824,25.434017
5825,13.458461
5826,11.94173
5827,13.799144
5828,21.58269
5829,25.307251
5830,44.905205
5831,52.164406
5832,46.22638
5833,43.319344
5834,32.775223
5835,37.635555
5836,64.39597
5837,67.68702
5838,54.354618
5839,25.371296
5840,24.41119
5841,23.224447
5842,11.672532
5843,12.272759
5844,17.396671
5845,19.583897
5846,25.089737
5847,34.46929
5848,47.481503
5849,46.862656
5850,47.271564
5851,40.652874
5852,50.758366
5853,56.033207
5854,65.61215
5855,64.659065
5856,65.98227
5857,56.69825
5858,47.041073
5859,44.694546
5860,37.626564
5861,42.789494
5862,42.54939
5863,46.76
5864,47.415134
5865,54.40847
5866,54.501293
5867,52.131836
5868,52.60195
5869,45.635586
5870,35.476444
5871,23.468515
5872,17.112276
5873,15.006937
5874,21.970446
5875,24.369251
5876,27.496138
5877,24.034399
5878,23.222656
5879,28.138939
5880,29.20214
5881,29.757994
5882,26.051233
5883,24.426666
5884,25.236748
5885,22.34863
5886,24.324705
5887,22.654808
5888,22.40919
5889,21.608435
5890,19.492785
5891,15.710187
5892,17.046692
5893,18.416553
5894,21.232315
5895,25.980883
5896,25.050215
5897,20.748098
5898,17.62061
5899,19.990498
5900,21.34904
5901,18.926182
5902,15.592177
5903,17.930613
5904,17.511547
5905,14.873955
5906,13.947261
5907,12.325686
5908,12.543367
5909,11.672532
5910,13.378638
5911,12.812057
5912,16.478504
5913,15.3306875
5914,26.159472
5915,31.590689
5916,32.737377
5917,35.792507
5918,26.047733
5919,26.841854
5920,15.978882
5921,13.26974
5922,15.592808
5923,19.184195
5924,18.952873
5925,17.685343
5926,12.274882
5927,11.859031
5928,11.672532
5929,16.696089
5930,12.42081
5931,17.436346
5932,14.452386
5933,15.035839
5934,14.940346
5935,11.672532
5936,23.189281
5937,28.345968
5938,39.97096
5939,43.457554
5940,37.74077
5941,28.166847
5942,23.102684
5943,24.537252
5944,22.451023
5945,19.40214
5946,15.378552
5947,13.1108675
5948,14.564637
5949,20.606354
5950,26.806944
5951,27.491503
5952,16.891537
5953,12.728961
5954,13.714731
5955,18.662615
5956,15.4178095
5957,13.230712
5958,14.779678
5959,16.572868
5960,26.036114
5961,26.580788
5962,34.12455
5963,34.22391
5964,36.560192
5965,34.77097
5966,23.608301
5967,15.073883
5968,12.4839525
5969,12.35311
5970,11.672532
5971,11.672532
5972,11.672532
5973,12.535142
5974,15.834149
5975,17.911102
5976,19.371733
5977,21.991081
5978,21.141226
5979,21.460186
5980,17.106787
5981,17.424364
5982,15.50632
5983,13.913363
5984,18.664722
5985,26.185125
5986,27.261799
5987,27.62603
5988,16.240812
5989,18.8275
5990,11.739398
5991,11.672532
5992,11.672532
5993,11.672532
5994,14.1953945
5995,11.672532
5996,11.672532
5997,12.96327
5998,11.672532
5999,13.481803
6000,11.672532
6001,14.423501
6002,11.672532
6003,18.173304
6004,18.669367
6005,23.692661
6006,25.151905
6007,24.930204
6008,23.10487
6009,25.05448
6010,27.545435
6011,27.674097
6012,14.5893955
6013,15.598695
6014,15.067519
6015,15.918133
6016,14.489504
6017,14.351795
6018,13.731978
6019,14.264619
6020,14.154885
6021,13.960168
6022,13.636877
6023,11.672532
6024,12.261044
6025,12.581311
6026,15.039299
6027,18.851969
6028,20.804499
6029,22.065529
6030,20.69144
6031,29.367392
6032,35.051044
6033,31.3599
6034,27.507074
6035,26.084696
6036,24.319853
6037,16.918991
6038,14.085729
6039,13.215008
6040,13.392256
6041,14.259394
6042,11.946271
6043,11.989547
6044,11.672532
6045,11.672532
6046,11.672532
6047,13.815508
6048,14.640918
6049,17.072357
6050,17.864784
6051,19.57969
6052,24.120533
6053,25.273613
6054,23.696146
6055,13.823359
6056,16.50156
6057,18.839306
6058,24.372976
6059,11.672532
6060,20.780096
6061,13.105323
6062,14.045181
6063,19.84948
6064,18.93089
6065,11.672532
6066,16.538847
6067,17.02415
6068,15.590932
6069,12.392458
6070,14.872683
6071,20.543596
6072,13.306634
6073,13.866929
6074,12.426843
6075,15.71898
6076,15.2176895
6077,11.672532
6078,11.672532
6079,11.763547
6080,22.315811
6081,21.54558
6082,23.896723
6083,14.910726
6084,18.126652
6085,15.500937
6086,14.613006
6087,13.892161
6088,12.818895
6089,11.682431
6090,11.672532
6091,11.672532
6092,11.672532
6093,11.672532
6094,20.455437
6095,14.467001
6096,20.304672
6097,18.366255
6098,24.344183
6099,24.177485
6100,24.302317
6101,24.27616
6102,26.333208
6103,27.852077
6104,29.518682
6105,17.203262
6106,23.640776
6107,27.377897
6108,37.950592
6109,33.18694
6110,34.665524
6111,28.462606
6112,27.770393
6113,17.993807
6114,24.001942
6115,23.675726
6116,32.846592
6117,33.545864
6118,43.322758
6119,47.61687
6120,58.95485
6121,58.220306
6122,60.095142
6123,51.77372
6124,51.495953
6125,44.968155
6126,45.201515
6127,46.198475
6128,50.133923
6129,45.956524
6130,42.667397
6131,41.28808
6132,41.483486
6133,36.195496
6134,33.72713
6135,40.87916
6136,62.040043
6137,61.256184
6138,63.437813
6139,65.58025
6140,78.69081
6141,73.01244
6142,63.790794
6143,55.00491
6144,55.173717
6145,49.919605
6146,44.986423
6147,40.714798
6148,37.662823
6149,39.31546
6150,37.04712
6151,43.143856
6152,37.632362
6153,41.52576
6154,43.234966
6155,44.382
6156,44.297802
6157,38.689445
6158,50.6891
6159,57.638756
6160,60.015182
6161,61.25708
6162,69.25313
6163,65.50266
6164,61.992252
6165,64.38929
6166,55.145813
6167,45.90494
6168,38.802067
6169,53.159687
6170,53.324764
6171,52.845318
6172,55.19469
6173,55.098183
6174,60.677856
6175,54.141685
6176,47.66647
6177,33.221462
6178,30.762583
6179,30.636503
6180,32.27699
6181,29.541294
6182,32.950207
6183,14.512394
6184,15.498959
6185,19.961206
6186,26.287073
6187,20.76003
6188,27.388647
6189,28.493366
6190,32.23057
6191,22.797016
6192,23.538975
6193,21.726583
6194,24.040407
6195,23.209549
6196,21.479097
6197,29.881561
6198,35.855698
6199,48.059788
6200,43.939995
6201,28.99269
6202,29.332005
6203,30.22445
6204,31.28161
6205,33.381794
6206,30.85771
6207,34.139736
6208,36.16408
6209,41.503483
6210,44.00224
6211,47.87162
6212,48.766186
6213,52.16778
6214,51.856506
6215,51.277676
6216,50.81724
6217,51.105225
6218,49.991898
6219,46.783634
6220,43.110195
6221,43.77621
6222,46.08627
6223,49.921673
6224,50.657948
6225,51.33095
6226,44.209732
6227,38.629
6228,33.097397
6229,34.22446
6230,32.2246
6231,34.40828
6232,33.493973
6233,33.517693
6234,35.691265
6235,39.61378
6236,44.79336
6237,49.454742
6238,53.35465
6239,52.532795
6240,54.12869
6241,54.583466
6242,50.222713
6243,50.40659
6244,50.49052
6245,48.69779
6246,50.07787
6247,53.91765
6248,59.024593
6249,62.02979
6250,68.73346
6251,75.1298
6252,78.947014
6253,57.76172
6254,60.15938
6255,58.339794
6256,58.0144
6257,52.299267
6258,46.45417
6259,44.72801
6260,46.5015
6261,50.572536
6262,58.612957
6263,63.52453
6264,68.36467
6265,68.54852
6266,65.23475
6267,55.294613
6268,51.451298
6269,40.01871
6270,46.591248
6271,39.998936
6272,54.58334
6273,41.930256
6274,46.51975
6275,42.053055
6276,20.947525
6277,16.721542
6278,23.68326
6279,31.599768
6280,32.15426
6281,36.672993
6282,32.04649
6283,32.472744
6284,32.783283
6285,27.915571
6286,24.661827
6287,28.531254
6288,39.327843
6289,53.360832
6290,48.618244
6291,53.641357
6292,50.22412
6293,55.980442
6294,55.656643
6295,56.774525
6296,59.51746
6297,51.645264
6298,56.722954
6299,50.702946
6300,47.176167
6301,51.57881
6302,42.092045
6303,52.133694
6304,44.261116
6305,45.53679
6306,35.190838
6307,34.94282
6308,41.683147
6309,49.442463
6310,53.79691
6311,53.770367
6312,54.500175
6313,45.86416
6314,45.02955
6315,41.9302
6316,42.74631
6317,35.47017
6318,31.54054
6319,40.194
6320,52.11883
6321,57.378708
6322,57.38852
6323,56.054134
6324,52.06872
6325,50.61164
6326,47.70142
6327,51.930367
6328,62.0313
6329,65.067116
6330,63.908745
6331,55.233543
6332,51.164352
6333,46.30376
6334,37.827404
6335,46.048645
6336,53.601532
6337,57.46682
6338,60.43918
6339,56.97902
6340,58.16999
6341,55.13425
6342,52.72664
6343,55.350903
6344,52.21954
6345,60.444294
6346,62.510727
6347,75.967705
6348,74.647194
6349,66.57915
6350,57.708145
6351,47.726997
6352,43.90429
6353,32.800312
6354,34.707237
6355,28.781748
6356,31.996784
6357,28.821482
6358,40.701366
6359,45.027332
6360,55.09741
6361,48.947758
6362,48.543583
6363,45.24963
6364,42.072235
6365,38.23183
6366,38.072533
6367,36.163754
6368,49.84215
6369,47.63477
6370,60.222157
6371,61.348034
6372,58.869022
6373,54.28497
6374,37.356712
6375,32.047134
6376,27.745108
6377,27.343416
6378,38.79288
6379,37.75595
6380,33.200497
6381,25.114584
6382,19.41596
6383,28.794468
6384,29.713648
6385,40.982853
6386,38.425365
6387,35.471294
6388,30.972738
6389,35.71604
6390,34.464817
6391,35.140903
6392,35.346493
6393,38.020103
6394,48.126087
6395,56.015514
6396,55.124165
6397,51.56059
6398,50.465042
6399,51.96297
6400,42.285328
6401,39.349277
6402,33.78579
6403,43.443073
6404,37.139942
6405,30.799173
6406,27.188063
6407,22.869703
6408,15.454305
6409,16.646452
6410,12.524819
6411,11.672532
6412,11.933052
6413,19.098682
6414,23.096832
6415,21.530846
6416,29.513195
6417,23.695963
6418,33.78019
6419,33.652378
6420,31.76477
6421,31.959583
6422,28.658537
6423,30.135885
6424,29.490736
6425,35.817654
6426,37.213314
6427,15.494937
6428,19.634731
6429,14.378274
6430,11.672532
6431,15.591117
6432,17.93358
6433,17.75525
6434,18.877869
6435,20.208313
6436,15.076034
6437,14.957326
6438,17.237583
6439,28.05523
6440,33.622936
6441,30.192884
6442,24.515112
6443,25.97432
6444,24.938269
6445,31.837471
6446,23.95331
6447,24.113163
6448,19.066555
6449,17.308952
6450,15.847014
6451,11.672532
6452,18.160728
6453,11.764876
6454,18.042973
6455,13.49911
6456,13.120231
6457,12.574179
6458,11.672532
6459,15.362675
6460,12.965128
6461,20.16198
6462,19.013508
6463,15.293906
6464,19.204437
6465,20.459444
6466,25.34787
6467,30.997404
6468,30.667997
6469,35.73149
6470,32.35362
6471,29.787563
6472,21.528116
6473,22.244114
6474,18.20476
6475,22.75361
6476,12.658952
6477,11.672532
6478,11.672532
6479,11.672532
6480,11.672532
6481,12.267698
6482,18.0434
6483,11.672532
6484,11.672532
6485,11.672532
6486,11.672532
6487,11.672532
6488,17.791157
6489,23.365294
6490,26.165272
6491,19.845297
6492,17.792316
6493,17.824827
6494,16.573969
6495,16.884933
6496,16.403961
6497,20.200619
6498,15.213612
6499,13.937926
6500,13.229867
6501,11.960621
6502,11.672532
6503,11.672532
6504,11.672532
6505,15.144007
6506,12.32819
6507,11.672532
6508,12.189884
6509,13.449582
6510,16.82237
6511,23.26427
6512,26.833479
6513,30.842684
6514,33.014908
6515,34.678886
6516,37.60068
6517,53.89664
6518,55.05192
6519,59.651894
6520,55.639088
6521,48.019215
6522,44.933186
6523,27.606436
6524,18.650347
6525,22.97582
6526,29.656546
6527,32.729427
6528,39.27947
6529,36.103466
6530,33.074
6531,22.915453
6532,22.075083
6533,26.228762
6534,23.972708
6535,27.296041
6536,32.84454
6537,42.73806
6538,50.594402
6539,48.364872
6540,46.054123
6541,39.122105
6542,41.433483
6543,36.303635
6544,39.16332
6545,33.07332
6546,37.881413
6547,21.72332
6548,23.19345
6549,22.680456
6550,33.229656
6551,25.285831
6552,27.977142
6553,23.56628
6554,35.04461
6555,28.257553
6556,21.791597
6557,18.901117
6558,27.311148
6559,34.597218
6560,41.691032
6561,39.190758
6562,41.853592
6563,43.022305
6564,32.679832
6565,29.43765
6566,17.654308
6567,27.687403
6568,30.66926
6569,32.24842
6570,35.8577
6571,33.67214
6572,41.27263
6573,32.38166
6574,30.589064
6575,26.84863
6576,30.545858
6577,31.882246
6578,33.972626
6579,33.987705
6580,37.27666
6581,32.813934
6582,25.445103
6583,20.288446
6584,27.652018
6585,27.681944
6586,30.489431
6587,33.24552
6588,35.972755
6589,39.129044
6590,37.402134
6591,37.382893
6592,39.83473
6593,47.805786
6594,41.1354
6595,37.76164
6596,34.07489
6597,49.292667
6598,52.322796
6599,47.997097
6600,43.19753
6601,33.27727
6602,26.685078
6603,24.711237
6604,24.152395
6605,18.416666
6606,21.358301
6607,24.365602
6608,39.692528
6609,39.485092
6610,47.63776
6611,47.452312
6612,53.400753
6613,52.55268
6614,46.896393
6615,28.514545
6616,32.31258
6617,45.555756
6618,46.05064
6619,38.471287
6620,46.921436
6621,47.382336
6622,56.919937
6623,56.961063
6624,70.12332
6625,65.004326
6626,60.593033
6627,50.151398
6628,48.930126
6629,54.381622
6630,51.889503
6631,54.627422
6632,55.907192
6633,54.491123
6634,55.924664
6635,56.74567
6636,60.811466
6637,69.83362
6638,67.15102
6639,66.99593
6640,60.161564
6641,64.40951
6642,64.48216
6643,70.10841
6644,66.32926
6645,67.50319
6646,70.36021
6647,67.836815
6648,53.455425
6649,41.416607
6650,32.032776
6651,31.270077
6652,37.55397
6653,35.855026
6654,40.939823
6655,40.737392
6656,42.411617
6657,42.715866
6658,47.42972
6659,62.80168
6660,64.488976
6661,63.984142
6662,53.16257
6663,46.530827
6664,37.36972
6665,42.20203
6666,40.710342
6667,40.297897
6668,34.912327
6669,36.127785
6670,34.485767
6671,32.29387
6672,32.716072
6673,33.09044
6674,36.208847
6675,29.292917
6676,28.867384
6677,26.37989
6678,35.833958
6679,43.684704
6680,55.833344
6681,50.676453
6682,53.10433
6683,57.83834
6684,62.56271
6685,59.407993
6686,58.550777
6687,54.00954
6688,51.564426
6689,44.13627
6690,50.48253
6691,47.558475
6692,48.95772
6693,34.34104
6694,24.946297
6695,24.042664
6696,41.771847
6697,45.99852
6698,50.225903
6699,45.54823
6700,48.99047
6701,40.412746
6702,37.056873
6703,30.595728
6704,37.00287
6705,39.7896
6706,59.35368
6707,59.7945
6708,61.3764
6709,44.74995
6710,46.112057
6711,41.017525
6712,46.330006
6713,47.86863
6714,53.165623
6715,54.530315
6716,55.780758
6717,54.89374
6718,54.996216
6719,50.568127
6720,47.89279
6721,55.19523
6722,54.822887
6723,58.04356
6724,55.544933
6725,54.762318
6726,53.347713
6727,47.902603
6728,53.77829
6729,59.8398
6730,73.8097
6731,77.009575
6732,70.9464
6733,68.04305
6734,57.732796
6735,58.26656
6736,57.831318
6737,55.932392
6738,59.843052
6739,67.4023
6740,70.55962
6741,63.664513
6742,52.57322
6743,49.62516
6744,43.285477
6745,53.122562
6746,54.30144
6747,54.888042
6748,46.294014
6749,38.888824
6750,40.114395
6751,41.09583
6752,37.860184
6753,34.90098
6754,21.92858
6755,24.20585
6756,27.110426
6757,29.132309
6758,23.265308
6759,27.911112
6760,27.998714
6761,37.869354
6762,38.346447
6763,39.17372
6764,38.15161
6765,30.409891
6766,28.72251
6767,36.626423
6768,38.403248
6769,41.91725
6770,35.57763
6771,29.387272
6772,29.603779
6773,28.296305
6774,24.187178
6775,21.60636
6776,23.047792
6777,29.225393
6778,35.61746
6779,31.60311
6780,27.728884
6781,32.08367
6782,31.145203
6783,55.27004
6784,57.59947
6785,61.238716
6786,51.07473
6787,47.502846
6788,51.565037
6789,50.63231
6790,41.77809
6791,44.453236
6792,42.17147
6793,45.348057
6794,42.259617
6795,42.3654
6796,39.45841
6797,46.85278
6798,43.97286
6799,35.695213
6800,40.7167
6801,39.534637
6802,41.01005
6803,42.077858
6804,42.74776
6805,35.02833
6806,30.623125
6807,32.295197
6808,37.776535
6809,44.195866
6810,41.22602
6811,42.403908
6812,35.497944
6813,44.565506
6814,43.219288
6815,45.056114
6816,40.15497
6817,34.729664
6818,34.34756
6819,34.63828
6820,25.855778
6821,26.70738
6822,24.395037
6823,24.41619
6824,28.815195
6825,38.11722
6826,47.580235
6827,49.760624
6828,41.931297
6829,46.48967
6830,50.32586
6831,57.142868
6832,66.590675
6833,53.466408
6834,51.331642
6835,52.029133
6836,72.029366
6837,79.14083
6838,72.57009
6839,62.450214
6840,37.221806
6841,22.88063
6842,21.991024
6843,21.87561
6844,23.649427
6845,16.372515
6846,16.103426
6847,16.877708
6848,27.34105
6849,32.651684
6850,46.121998
6851,54.293056
6852,61.312763
6853,50.845974
6854,49.533928
6855,69.25593
6856,61.837643
6857,53.829575
6858,69.142555
6859,72.578926
6860,73.76669
6861,68.48864
6862,41.008327
6863,28.131336
6864,18.369177
6865,18.490576
6866,17.720116
6867,12.853845
6868,11.672532
6869,11.672532
6870,12.644759
6871,12.376057
6872,16.444016
6873,17.145952
6874,15.4177475
6875,16.00622
6876,11.672532
6877,11.859352
6878,11.672532
6879,11.672532
6880,11.672532
6881,11.672532
6882,11.672532
6883,11.733891
6884,11.672532
6885,15.382861
6886,11.672532
6887,11.672532
6888,11.672532
6889,13.845308
6890,11.672532
6891,15.10482
6892,14.630658
6893,14.690441
6894,13.130165
6895,12.364833
6896,11.672532
6897,11.672532
6898,11.672532
6899,11.672532
6900,13.591271
6901,13.650823
6902,14.917536
6903,15.121287
6904,14.212739
6905,12.806587
6906,11.672532
6907,11.672532
6908,11.672532
6909,11.672532
6910,11.672532
6911,11.672532
6912,11.672532
6913,11.672532
6914,14.019619
6915,13.791572
6916,16.534155
6917,18.522331
6918,22.953154
6919,27.507296
6920,31.144606
6921,23.247993
6922,21.132801
6923,21.802595
6924,24.687147
6925,26.700716
6926,32.34192
6927,33.590744
6928,37.23908
6929,32.855736
6930,26.443213
6931,22.368172
6932,17.6004
6933,24.216118
6934,28.330652
6935,37.693123
6936,39.713314
6937,40.91305
6938,48.4929
6939,48.113792
6940,55.289227
6941,47.425827
6942,49.875866
6943,47.332172
6944,53.528942
6945,51.225094
6946,49.74599
6947,44.687107
6948,49.223705
6949,43.83093
6950,46.367928
6951,45.43261
6952,47.236862
6953,51.778946
6954,57.595364
6955,58.5509
6956,52.671383
6957,45.412846
6958,31.020248
6959,27.477957
6960,22.945414
6961,24.851809
6962,22.238316
6963,25.934488
6964,24.000963
6965,24.525425
6966,19.672802
6967,22.683344
6968,21.248552
6969,22.535437
6970,21.809927
6971,25.777298
6972,27.891577
6973,28.827852
6974,35.14055
6975,46.107227
6976,43.351658
6977,44.58916
6978,44.668896
6979,58.918686
6980,53.349712
6981,44.01527
6982,23.811012
6983,24.237951
6984,20.264763
6985,21.740622
6986,23.241474
6987,25.683977
6988,30.990065
6989,24.345316
6990,27.53288
6991,29.297459
6992,34.904266
6993,24.137634
6994,16.53497
6995,16.913664
6996,25.856705
6997,43.23966
6998,39.20964
6999,39.403942
7000,61.533096
7001,63.334167
7002,59.46063
7003,62.85133
7004,56.08128
7005,50.89871
7006,34.48704
7007,25.359556
7008,24.516306
7009,23.009367
7010,21.061731
7011,14.298408
7012,13.641389
7013,11.672532
7014,11.672532
7015,12.614929
7016,15.646629
7017,16.796135
7018,16.248758
7019,20.413055
7020,19.319588
7021,22.543783
7022,37.65713
7023,53.69772
7024,62.13167
7025,59.616875
7026,67.68043
7027,65.85573
7028,61.32498
7029,49.263783
7030,32.759796
7031,27.323786
7032,28.08977
7033,25.558842
7034,21.736904
7035,19.514677
7036,15.141836
7037,23.726933
7038,21.238186
7039,37.79198
7040,33.666092
7041,35.59518
7042,30.91017
7043,36.093185
7044,61.53359
7045,67.467964
7046,61.302578
7047,62.439682
7048,62.546627
7049,60.07654
7050,71.14878
7051,78.36783
7052,68.354324
7053,60.75124
7054,47.347584
7055,42.450054
7056,36.526608
7057,36.73955
7058,25.924223
7059,28.226078
7060,24.82017
7061,32.56338
7062,33.20353
7063,38.861053
7064,36.86466
7065,34.852154
7066,34.49375
7067,32.551178
7068,39.97333
7069,52.026054
7070,74.71698
7071,92.65003
7072,95.198906
7073,91.14431
7074,88.96031
7075,93.891396
7076,78.96609
7077,78.416115
7078,64.52587
7079,54.652065
7080,42.144558
7081,38.863773
7082,41.483055
7083,41.92115
7084,46.26532
7085,45.4509
7086,56.338676
7087,60.191303
7088,68.904655
7089,69.42617
7090,70.560974
7091,65.269104
7092,64.72501
7093,57.33071
7094,56.365925
7095,51.973175
7096,67.95462
7097,84.0017
7098,101.95855
7099,98.75637
7100,117.088264
7101,120.977905
7102,98.5302
7103,79.44981
7104,70.85673
7105,62.247772
7106,60.75116
7107,65.85114
7108,68.16122
7109,76.83344
7110,71.52987
7111,76.4891
7112,69.17893
7113,69.235435
7114,61.5754
7115,61.368137
7116,59.699696
7117,59.718723
7118,60.51677
7119,65.88761
7120,81.07728
7121,58.57674
7122,67.018425
7123,84.99331
7124,92.43401
7125,69.2346
7126,57.20105
7127,53.22221
7128,54.342896
7129,53.3482
7130,46.639202
7131,40.241055
7132,37.29443
7133,34.658886
7134,44.90511
7135,49.34995
7136,51.141926
7137,53.30319
7138,52.913975
7139,66.5966
7140,60.403275
7141,62.777092
7142,54.966663
7143,69.49178
7144,78.76454
7145,92.92544
7146,115.153206
7147,94.458084
7148,87.90103
7149,85.19041
7150,66.91967
7151,54.08771
7152,41.621235
7153,35.392002
7154,37.048107
7155,36.480885
7156,35.17319
7157,29.74483
7158,34.76113
7159,38.60081
7160,46.457165
7161,52.27943
7162,57.321087
7163,71.395195
7164,69.11762
7165,72.00248
7166,64.60537
7167,72.51249
7168,70.129585
7169,74.691765
7170,75.294464
7171,78.95565
7172,86.26287
7173,87.400826
7174,70.989174
7175,39.669292
7176,32.86712
7177,26.163923
7178,30.904085
7179,27.229237
7180,28.51208
7181,32.597477
7182,32.941116
7183,39.359917
7184,38.304943
7185,31.047209
7186,30.88453
7187,32.167725
7188,57.53252
7189,56.256542
7190,61.155552
7191,51.715546
7192,44.01646
7193,35.630898
7194,46.927517
7195,47.25444
7196,61.73489
7197,62.75163
7198,54.07231
7199,47.526516
7200,38.489777
7201,35.73472
7202,31.397707
7203,34.796574
7204,34.998207
7205,35.726086
7206,41.452187
7207,44.00181
7208,41.478497
7209,35.7135
7210,39.529926
7211,41.934116
7212,49.6922
7213,53.842716
7214,69.122185
7215,74.2289
7216,81.68449
7217,73.37491
7218,88.15777
7219,88.83308
7220,93.591576
7221,79.54972
7222,66.623726
7223,55.77073
7224,56.361248
7225,50.004597
7226,48.545734
7227,42.88623
7228,43.73962
7229,51.107353
7230,58.66621
7231,69.42144
7232,60.681145
7233,50.86719
7234,36.474854
7235,37.087135
7236,36.864338
7237,34.04383
7238,47.526886
7239,88.555595
7240,64.306435
7241,35.8618
7242,29.641603
7243,52.105637
7244,45.97684
7245,47.994465
7246,70.45268
7247,71.43275
7248,56.9432
7249,51.344986
7250,49.805824
7251,48.603428
7252,49.134876
7253,50.02896
7254,47.40414
7255,39.717735
7256,46.58942
7257,54.148605
7258,64.841095
7259,71.221436
7260,73.2024
7261,67.31172
7262,66.48414
7263,41.986885
7264,14.53576
7265,13.445375
7266,35.33466
7267,42.703934
7268,63.39472
7269,71.767746
7270,60.67839
7271,43.437714
7272,36.251545
7273,33.86407
7274,32.026108
7275,33.092537
7276,35.18208
7277,40.918697
7278,33.242638
7279,34.64211
7280,44.31029
7281,71.579445
7282,81.57174
7283,85.79869
7284,72.97655
7285,61.363316
7286,65.73307
7287,62.724827
7288,61.451782
7289,59.454433
7290,51.67506
7291,55.551502
7292,61.098293
7293,71.83165
7294,73.47667
7295,59.338573
7296,48.758465
7297,45.31707
7298,44.559444
7299,34.92871
7300,32.62307
7301,36.863346
7302,40.25374
7303,44.718834
7304,49.682644
7305,61.74027
7306,58.191677
7307,66.83389
7308,61.632694
7309,69.28927
7310,53.259624
7311,45.220135
7312,27.251125
7313,24.23245
7314,32.15542
7315,34.74428
7316,35.318462
7317,30.328085
7318,35.32919
7319,39.03237
7320,42.041267
7321,53.119705
7322,49.46653
7323,51.877686
7324,44.114758
7325,48.815853
7326,45.981407
7327,53.028675
7328,56.07521
7329,52.62302
7330,50.584484
7331,50.885128
7332,50.627895
7333,52.612106
7334,69.81739
7335,73.16081
7336,62.232815
7337,57.207783
7338,65.47404
7339,69.75466
7340,57.198925
7341,42.817398
7342,39.807972
7343,29.26346
7344,30.623371
7345,32.47726
7346,26.042103
7347,22.903486
7348,19.532492
7349,17.754047
7350,19.822046
7351,22.368237
7352,24.495005
7353,24.511015
7354,28.674639
7355,42.42561
7356,53.320164
7357,36.28466
7358,49.89223
7359,55.98615
7360,56.118385
7361,59.638092
7362,68.676575
7363,64.09175
7364,61.786976
7365,51.47312
7366,39.563404
7367,28.373077
7368,27.960854
7369,26.758673
7370,24.374477
7371,16.156483
7372,16.00385
7373,24.767134
7374,32.16236
7375,31.312841
7376,30.331818
7377,28.870405
7378,34.21569
7379,78.65626
7380,83.9273
7381,85.80069
7382,86.95822
7383,82.93586
7384,76.477356
7385,78.40454
7386,80.67832
7387,70.184166
7388,70.59324
7389,58.91032
7390,46.502182
7391,30.644829
7392,21.69116
7393,15.879693
7394,22.601534
7395,11.672532
7396,11.672532
7397,11.672532
7398,13.723974
7399,15.239359
7400,16.16285
7401,16.303284
7402,19.702398
7403,24.754896
7404,28.733751
7405,43.653835
7406,52.268215
7407,63.513065
7408,64.5676
7409,62.742344
7410,61.54578
7411,52.491547
7412,50.17513
7413,40.243176
7414,44.676464
7415,37.20066
7416,44.39524
7417,39.757755
7418,39.17271
7419,37.926258
7420,38.709408
7421,38.936153
7422,40.357193
7423,47.2341
7424,57.758198
7425,62.05642
7426,75.679634
7427,79.042366
7428,88.4555
7429,99.94765
7430,105.569496
7431,97.02881
7432,89.862175
7433,84.48971
7434,72.65341
7435,69.78928
7436,60.6925
7437,60.880875
7438,61.703915
7439,60.29472
7440,60.439903
7441,62.57947
7442,62.72893
7443,67.795845
7444,62.01236
7445,61.611053
7446,60.696568
7447,62.037693
7448,71.82467
7449,72.14739
7450,72.0684
7451,76.63986
7452,61.724224
7453,62.090195
7454,52.31887
7455,41.227787
7456,42.61922
7457,42.803524
7458,42.34641
7459,42.279964
7460,49.330173
7461,53.556377
7462,53.139385
7463,50.68371
7464,53.66772
7465,56.24441
7466,67.26913
7467,65.89712
7468,54.72004
7469,45.048378
7470,38.589977
7471,34.96986
7472,41.004105
7473,33.40135
7474,32.45378
7475,31.933905
7476,34.12705
7477,49.020985
7478,43.261803
7479,51.31023
7480,61.482372
7481,47.560787
7482,51.41154
7483,67.25193
7484,60.957813
7485,45.699627
7486,40.04963
7487,39.48551
7488,37.513973
7489,38.364494
7490,38.487743
7491,39.439186
7492,40.3727
7493,42.98846
7494,48.777462
7495,53.9244
7496,52.03928
7497,48.42022
7498,58.679203
7499,63.010372
7500,85.72426
7501,67.56156
7502,72.43276
7503,38.865967
7504,56.297657
7505,72.85618
7506,77.77611
7507,90.09188
7508,89.44152
7509,86.05324
7510,80.80332
7511,74.29123
7512,72.20119
7513,64.81168
7514,66.039795
7515,59.51343
7516,56.559555
7517,56.385895
7518,65.70379
7519,63.883602
7520,71.18318
7521,74.3606
7522,76.86351
7523,83.12784
7524,80.08509
7525,49.209553
7526,42.680046
7527,66.67932
7528,64.33171
7529,68.68268
7530,79.46621
7531,86.68141
7532,82.54932
7533,83.73608
7534,86.22929
7535,81.28379
7536,77.310776
7537,84.41071
7538,87.32418
7539,88.659
7540,91.26698
7541,90.19957
7542,86.1277
7543,83.73669
7544,84.61722
7545,88.650246
7546,86.1196
7547,80.83808
7548,79.139595
7549,71.04333
7550,69.6236
7551,72.5366
7552,85.55008
7553,89.52642
7554,71.438354
7555,60.55863
7556,44.42532
7557,47.96761
7558,52.913113
7559,56.299896
7560,53.389988
7561,41.06744
7562,38.086784
7563,33.658173
7564,38.102142
7565,37.278847
7566,27.981129
7567,24.957422
7568,21.796724
7569,29.121336
7570,21.793062
7571,23.851871
7572,24.307966
7573,26.874262
7574,29.665636
7575,26.894941
7576,32.25434
7577,35.278446
7578,36.34645
7579,29.836267
7580,24.324957
7581,24.691898
7582,31.608435
7583,31.52955
7584,26.881138
7585,20.785126
7586,29.015118
7587,33.88028
7588,34.09803
7589,30.84867
7590,26.800558
7591,21.984217
7592,20.698042
7593,15.360005
7594,21.250559
7595,21.254147
7596,30.731722
7597,30.07392
7598,28.569014
7599,30.053991
7600,31.777384
7601,34.26908
7602,37.210598
7603,40.85152
7604,54.478798
7605,53.2327
7606,53.553734
7607,42.785965
7608,47.011196
7609,49.39424
7610,52.10301
7611,46.50886
7612,44.94668
7613,37.5025
7614,37.47729
7615,33.348854
7616,42.35705
7617,34.41076
7618,39.819523
7619,40.18552
7620,40.04151
7621,40.175274
7622,73.607475
7623,42.32023
7624,44.485004
7625,48.195354
7626,39.68704
7627,29.723225
7628,26.090984
7629,28.852089
7630,35.698772
7631,35.3671
7632,38.876934
7633,40.398876
7634,42.95353
7635,33.827316
7636,34.55335
7637,28.892073
7638,28.149443
7639,40.478085
7640,55.85533
7641,62.050617
7642,59.700634
7643,63.719074
7644,44.21954
7645,40.154884
7646,64.01911
7647,66.78078
7648,67.74644
7649,58.56319
7650,65.811806
7651,69.51727
7652,77.18225
7653,70.44911
7654,61.198055
7655,55.604908
7656,51.243824
7657,51.482677
7658,49.930496
7659,49.00024
7660,50.031986
7661,45.14403
7662,44.26709
7663,48.226482
7664,57.288692
7665,53.89547
7666,62.56626
7667,57.26998
7668,62.748177
7669,68.7353
7670,71.08601
7671,65.83347
7672,63.79519
7673,60.22729
7674,56.4602
7675,44.692726
7676,60.282043
7677,68.1566
7678,84.391655
7679,87.63667
7680,82.36349
7681,79.07275
7682,76.02537
7683,70.40215
7684,75.73309
7685,70.77749
7686,81.31628
7687,83.88478
7688,109.71492
7689,123.054695
7690,112.049545
7691,84.62
7692,63.630333
7693,37.515526
7694,44.548973
7695,43.71854
7696,43.309895
7697,31.548779
7698,41.080242
7699,52.987125
7700,64.16302
7701,66.21502
7702,72.78001
7703,67.039986
7704,68.73677
7705,75.61547
7706,73.37664
7707,85.52544
7708,68.75922
7709,65.2279
7710,59.753494
7711,69.93488
7712,57.30994
7713,60.6079
7714,58.85164
7715,65.62571
7716,55.8067
7717,57.972134
7718,85.448166
7719,76.01536
7720,68.69113
7721,60.9834
7722,71.4732
7723,66.617805
7724,86.10502
7725,69.73729
7726,55.579292
7727,41.725735
7728,35.839645
7729,26.417389
7730,33.14588
7731,27.753355
7732,18.492384
7733,14.236064
7734,16.336836
7735,19.927841
7736,16.619596
7737,18.771048
7738,20.01478
7739,15.373396
7740,23.066431
7741,27.686779
7742,42.913128
7743,45.58537
7744,55.667984
7745,59.65435
7746,67.41896
7747,62.309795
7748,53.120796
7749,46.96612
7750,35.855064
7751,28.176329
7752,22.841913
7753,19.655458
7754,17.25827
7755,21.208364
7756,22.466476
7757,29.123968
7758,27.504461
7759,37.78473
7760,35.24439
7761,40.12855
7762,30.4456
7763,31.817717
7764,29.818087
7765,46.24013
7766,74.09504
7767,62.6311
7768,54.616436
7769,53.314594
7770,53.576256
7771,58.236317
7772,73.825905
7773,57.9227
7774,42.827564
7775,32.620537
7776,23.007439
7777,21.390896
7778,20.329962
7779,27.457354
7780,23.444853
7781,25.567324
7782,22.948275
7783,22.70599
7784,25.213268
7785,26.1018
7786,34.456455
7787,38.835743
7788,49.623837
7789,53.81242
7790,48.494255
7791,50.815838
7792,49.63464
7793,50.568104
7794,47.989834
7795,46.30997
7796,50.272053
7797,49.343143
7798,43.130314
7799,36.80935
7800,36.5642
7801,39.161324
7802,42.480896
7803,35.037006
7804,29.8433
7805,34.099674
7806,42.497776
7807,49.612137
7808,52.390945
7809,54.084446
7810,49.527996
7811,46.53921
7812,41.493862
7813,41.7044
7814,59.7587
7815,73.966934
7816,62.10969
7817,53.214745
7818,70.24913
7819,77.9295
7820,75.63134
7821,57.736473
7822,35.71835
7823,26.294338
7824,23.595701
7825,21.407429
7826,23.387787
7827,29.91098
7828,37.08482
7829,35.85593
7830,33.18281
7831,41.44673
7832,47.66325
7833,50.56034
7834,41.84306
7835,53.661255
7836,64.07574
7837,79.842476
7838,103.110664
7839,102.31915
7840,91.52832
7841,78.04879
7842,80.95378
7843,73.250824
7844,77.88436
7845,81.15989
7846,68.85403
7847,54.505177
7848,41.128407
7849,30.474876
7850,29.484154
7851,31.33316
7852,33.953915
7853,30.259722
7854,30.728369
7855,33.169624
7856,36.79967
7857,31.612719
7858,31.342194
7859,38.18235
7860,53.06272
7861,63.59065
7862,67.30214
7863,64.6164
7864,64.615654
7865,69.0775
7866,78.31088
7867,90.187195
7868,84.632484
7869,60.58784
7870,45.711052
7871,40.324284
7872,34.88383
7873,38.015682
7874,35.417873
7875,33.630077
7876,30.346445
7877,29.082605
7878,35.08277
7879,39.277958
7880,40.08124
7881,30.491014
7882,22.496113
7883,15.639524
7884,11.672532
7885,31.043867
7886,53.567104
7887,78.26419
7888,73.26791
7889,72.60879
7890,66.973816
7891,50.72164
7892,42.5825
7893,34.568974
7894,25.395834
7895,22.548738
7896,19.495764
7897,17.984865
7898,22.02916
7899,24.748188
7900,33.639305
7901,28.428865
7902,28.766722
7903,22.097279
7904,28.039349
7905,30.662886
7906,35.917336
7907,28.42129
7908,26.093678
7909,30.279955
7910,43.719067
7911,51.92373
7912,54.481537
7913,58.31135
7914,65.922386
7915,63.10802
7916,45.820362
7917,30.62938
7918,32.16195
7919,27.221
7920,25.75958
7921,17.037535
7922,23.321917
7923,22.171625
7924,25.334673
7925,22.252441
7926,28.029787
7927,24.163713
7928,25.276484
7929,21.162615
7930,26.40093
7931,23.461977
7932,25.841387
7933,20.65274
7934,26.690498
7935,36.4937
7936,65.2697
7937,65.95164
7938,69.54839
7939,80.50015
7940,63.30183
7941,61.240437
7942,61.437794
7943,58.058514
7944,55.4677
7945,51.534832
7946,48.591488
7947,45.986088
7948,44.65487
7949,41.892178
7950,42.095226
7951,44.51724
7952,51.106007
7953,59.21674
7954,72.833855
7955,87.34011
7956,85.54569
7957,85.45742
7958,73.57403
7959,69.64889
7960,61.588387
7961,65.59344
7962,77.953026
7963,85.56382
7964,85.476105
7965,86.39532
7966,79.28
7967,84.36295
7968,87.054306
7969,93.66593
7970,88.14336
7971,87.69833
7972,67.56262
7973,79.486084
7974,79.536995
7975,103.97755
7976,151.0198
7977,146.71779
7978,102.33313
7979,79.96015
7980,68.73455
7981,57.80975
7982,41.430317
7983,40.440395
7984,15.723134
7985,18.724575
7986,24.461157
7987,31.335651
7988,34.88393
7989,41.00104
7990,51.76804
7991,66.259285
7992,85.00544
7993,90.769936
7994,82.7325
7995,81.35139
7996,84.87307
7997,84.20927
7998,89.21308
7999,78.07537
8000,65.709496
8001,57.727997
8002,60.140324
8003,44.153873
8004,53.02298
8005,51.959793
8006,45.26976
8007,59.73561
8008,53.157772
8009,60.490917
8010,63.428005
8011,61.833065
8012,69.98481
8013,84.09428
8014,65.97302
8015,50.65845
8016,40.720493
8017,31.96962
8018,25.199354
8019,25.756407
8020,27.039429
8021,29.57694
8022,22.881153
8023,22.283083
8024,20.205853
8025,23.602148
8026,24.721823
8027,33.08925
8028,39.885983
8029,53.506298
8030,70.40153
8031,78.81823
8032,61.696354
8033,49.602783
8034,60.128536
8035,79.426605
8036,93.41352
8037,74.0229
8038,49.96321
8039,41.94587
8040,27.016752
8041,26.071913
8042,25.976894
8043,29.37712
8044,28.871298
8045,29.640554
8046,26.396461
8047,20.451761
8048,21.487017
8049,27.654064
8050,36.941208
8051,37.031364
8052,42.355083
8053,57.098278
8054,72.6495
8055,73.078354
8056,69.65795
8057,65.54639
8058,72.38808
8059,87.64495
8060,83.98618
8061,68.96748
8062,47.852505
8063,43.366444
8064,31.37793
8065,31.490458
8066,24.64647
8067,19.790144
8068,17.569227
8069,17.853315
8070,18.536455
8071,20.982136
8072,18.880558
8073,16.970387
8074,14.581125
8075,11.751237
8076,22.935223
8077,32.526314
8078,44.405464
8079,55.187378
8080,65.903076
8081,76.05852
8082,84.55335
8083,82.983955
8084,74.9012
8085,63.701515
8086,49.959724
8087,38.753258
8088,22.299696
8089,21.749218
8090,25.896753
8091,27.754313
8092,26.251059
8093,23.936705
8094,14.821365
8095,16.916939
8096,23.860083
8097,26.846037
8098,32.547787
8099,46.890514
8100,81.57636
8101,55.8594
8102,32.008015
8103,33.208538
8104,39.846027
8105,63.938526
8106,75.592514
8107,95.857185
8108,100.253654
8109,93.19771
8110,82.338326
8111,80.908485
8112,86.48159
8113,88.702126
8114,91.54878
8115,72.314964
8116,58.670307
8117,42.783577
8118,43.73804
8119,47.076916
8120,58.300426
8121,62.212482
8122,63.199696
8123,67.68628
8124,71.00574
8125,84.15503
8126,78.332634
8127,75.74763
8128,86.42846
8129,89.986565
8130,91.33105
8131,90.66597
8132,89.17704
8133,76.28202
8134,67.39861
8135,50.63314
8136,44.374302
8137,37.31468
8138,34.68664
8139,35.38715
8140,35.3946
8141,33.13515
8142,29.679407
8143,44.924007
8144,56.895123
8145,60.251995
8146,51.0338
8147,53.314613
8148,56.344776
8149,64.436035
8150,66.3907
8151,69.887665
8152,65.73627
8153,62.22483
8154,61.38699
8155,65.539604
8156,71.97916
8157,74.63378
8158,70.483665
8159,68.742355
8160,63.759804
8161,57.44516
8162,50.439327
8163,46.43291
8164,39.333565
8165,31.014511
8166,21.14224
8167,16.395567
8168,22.76903
8169,22.511307
8170,26.172396
8171,30.189383
8172,26.123474
8173,31.141104
8174,22.756847
8175,26.418919
8176,30.691975
8177,37.863598
8178,48.924168
8179,47.11932
8180,37.82674
8181,29.862085
8182,23.123388
8183,28.423159
8184,33.06195
8185,30.154186
8186,20.462936
8187,16.677052
8188,15.479581
8189,14.1952715
8190,12.153765
8191,11.672532
8192,17.961273
8193,25.019026
8194,30.857588
8195,32.86356
8196,43.288475
8197,55.18767
8198,75.07724
8199,116.35993
8200,105.58581
8201,96.404976
8202,97.17779
8203,86.56196
8204,76.997826
8205,60.56889
8206,51.426888
8207,35.09637
8208,29.93754
8209,27.782282
8210,35.01029
8211,30.058582
8212,34.960567
8213,33.1841
8214,39.088604
8215,34.046104
8216,39.313725
8217,35.99462
8218,37.72508
8219,37.550156
8220,41.761784
8221,41.70979
8222,35.75921
8223,33.560356
8224,34.27343
8225,32.186577
8226,40.87664
8227,47.628742
8228,50.55379
8229,52.249763
8230,51.20896
8231,55.245884
8232,55.51954
8233,49.93193
8234,50.082153
8235,44.945892
8236,49.692368
8237,45.361187
8238,43.206543
8239,42.32757
8240,42.63988
8241,49.483124
8242,41.781044
8243,54.7829
8244,51.241013
8245,56.20663
8246,51.714626
8247,55.189636
8248,58.57696
8249,63.337482
8250,68.26584
8251,74.06643
8252,82.09969
8253,95.591995
8254,88.19874
8255,81.25994
8256,71.8272
8257,67.27891
8258,62.644405
8259,49.340893
8260,45.887997
8261,39.394093
8262,38.74509
8263,32.918976
8264,44.816406
8265,46.740322
8266,45.69173
8267,43.707657
8268,40.764233
8269,43.163902
8270,51.354546
8271,92.00779
8272,102.60778
8273,90.88482
8274,102.425316
8275,104.14918
8276,98.49705
8277,112.79532
8278,109.86288
8279,86.77335
8280,76.21715
8281,66.898735
8282,62.556465
8283,58.210014
8284,57.764904
8285,53.547955
8286,54.043247
8287,42.821712
8288,54.6398
8289,62.07062
8290,64.57782
8291,55.710117
8292,42.279026
8293,30.99176
8294,24.99544
8295,26.904406
8296,41.97243
8297,49.647808
8298,52.60936
8299,42.041615
8300,36.706703
8301,38.042755
8302,42.897293
8303,37.541706
8304,31.676243
8305,22.639582
8306,28.086128
8307,29.307278
8308,30.366043
8309,30.950499
8310,23.386744
8311,26.76517
8312,26.510689
8313,33.745388
8314,33.064476
8315,42.78945
8316,42.04375
8317,48.749577
8318,52.377228
8319,47.25416
8320,44.845654
8321,43.22661
8322,49.102016
8323,55.31124
8324,52.577206
8325,51.052982
8326,41.006607
8327,36.241486
8328,30.145369
8329,34.153454
8330,36.020077
8331,34.604675
8332,27.346405
8333,18.548512
8334,16.073318
8335,19.9228
8336,33.2546
8337,41.048485
8338,52.003742
8339,62.13075
8340,51.886974
8341,40.445644
8342,34.132866
8343,39.482304
8344,49.26438
8345,62.728115
8346,70.70848
8347,74.34694
8348,68.69277
8349,69.70837
8350,64.112076
8351,58.48389
8352,49.71375
8353,44.35632
8354,39.775547
8355,35.102615
8356,33.96821
8357,36.113358
8358,41.75616
8359,40.20277
8360,51.612522
8361,52.510185
8362,69.6115
8363,66.176765
8364,44.839123
8365,42.746826
8366,55.06059
8367,39.311317
8368,31.005638
8369,30.227383
8370,34.702686
8371,38.36499
8372,48.126213
8373,50.394905
8374,54.524174
8375,46.99675
8376,38.779972
8377,32.26617
8378,34.39256
8379,33.552135
8380,39.54906
8381,38.711277
8382,44.934124
8383,42.012234
8384,40.590252
8385,40.80573
8386,34.316048
8387,29.078924
8388,25.085852
8389,33.854507
8390,39.712826
8391,48.89373
8392,69.78359
8393,71.558586
8394,80.20175
8395,77.80784
8396,86.28012
8397,65.73324
8398,45.687412
8399,37.40664
8400,36.930096
8401,33.27414
8402,41.905766
8403,43.61157
8404,41.28275
8405,44.6365
8406,47.699245
8407,54.20552
8408,50.223843
8409,46.66547
8410,37.685375
8411,32.684578
8412,28.367023
8413,27.921223
8414,36.540707
8415,36.497837
8416,47.557365
8417,43.359863
8418,48.03361
8419,46.173653
8420,44.611183
8421,45.696934
8422,43.79377
8423,44.332092
8424,33.839424
8425,22.376616
8426,23.89407
8427,22.942667
8428,24.920713
8429,16.20672
8430,19.369762
8431,16.27294
8432,19.590078
8433,16.011965
8434,19.57732
8435,20.197517
8436,27.516134
8437,42.57505
8438,54.229984
8439,67.549706
8440,61.43254
8441,56.752098
8442,68.21439
8443,71.86254
8444,77.84957
8445,61.630665
8446,50.054523
8447,47.232094
8448,39.19477
8449,31.984213
8450,20.312273
8451,23.744722
8452,26.959095
8453,36.34399
8454,31.57598
8455,27.173452
8456,19.46642
8457,19.39158
8458,22.740969
8459,36.072186
8460,51.901863
8461,44.66766
8462,44.504158
8463,59.352837
8464,68.48705
8465,83.75228
8466,91.98045
8467,88.43068
8468,83.963745
8469,73.96495
8470,66.843544
8471,69.04612
8472,58.049168
8473,41.215572
8474,35.40818
8475,27.19195
8476,25.398975
8477,19.259937
8478,22.573938
8479,31.181387
8480,34.7218
8481,31.205896
8482,23.729004
8483,25.08163
8484,30.947212
8485,47.383465
8486,62.14562
8487,56.05158
8488,36.60143
8489,22.78174
8490,27.102915
8491,40.223537
8492,56.863277
8493,61.269855
8494,55.536846
8495,43.610188
8496,37.569885
8497,29.476028
8498,22.977985
8499,17.363165
8500,14.221799
8501,12.11808
8502,16.665451
8503,20.92358
8504,31.9431
8505,30.014347
8506,34.218536
8507,38.252308
8508,43.678486
8509,50.034344
8510,53.68031
8511,55.674046
8512,58.25207
8513,62.566193
8514,69.01487
8515,82.987366
8516,86.16704
8517,92.600624
8518,90.09159
8519,82.04329
8520,75.83857
8521,67.913414
8522,61.453663
8523,59.979404
8524,58.191746
8525,63.18459
8526,62.155525
8527,61.83096
8528,69.89429
8529,76.74299
8530,90.85171
8531,91.66622
8532,94.140724
8533,93.70483
8534,84.25719
8535,81.61631
8536,68.08367
8537,65.46102
8538,62.467396
8539,64.25403
8540,57.10683
8541,53.378193
8542,44.378372
8543,49.642532
8544,47.83668
8545,58.940662
8546,64.60484
8547,75.35227
8548,75.84419
8549,72.67947
8550,68.973595
8551,62.616783
8552,66.42814
8553,72.45587
8554,71.993935
8555,80.021706
8556,75.02537
8557,73.17271
8558,71.57598
8559,72.05915
8560,76.58759
8561,74.762596
8562,73.79739
8563,86.74816
8564,90.520905
8565,88.64962
8566,90.59771
8567,90.02828
8568,96.762566
8569,107.60163
8570,111.377174
8571,113.21723
8572,113.84747
8573,112.79174
8574,106.59101
8575,95.26533
8576,99.09819
8577,100.71282
8578,98.08092
8579,88.59838
8580,84.53831
8581,81.26265
8582,89.52323
8583,74.625145
8584,74.76948
8585,73.872894
8586,65.26056
8587,73.556984
8588,78.655205
8589,80.25026
8590,70.97889
8591,62.256603
8592,56.32096
8593,43.528202
8594,29.530643
8595,27.847181
8596,29.42472
8597,49.312874
8598,72.537575
8599,91.47305
8600,99.11458
8601,95.72486
8602,91.9397
8603,85.19721
8604,88.821335
8605,85.8795
8606,86.401505
8607,85.55222
8608,128.11433
8609,120.982285
8610,97.16082
8611,97.340225
8612,102.830635
8613,111.77996
8614,117.30204
8615,122.23922
8616,108.90301
8617,103.15562
8618,96.1515
8619,98.20455
8620,98.16839
8621,101.55745
8622,96.10816
8623,96.92986
8624,102.03739
8625,105.284325
8626,112.28623
8627,124.87749
8628,100.84557
8629,110.28282
8630,123.18131
8631,108.09515
8632,93.29103
8633,90.273544
8634,86.69963
8635,72.80021
8636,67.88433
8637,72.7047
8638,70.124565
8639,64.322235
8640,62.374027
8641,61.437958
8642,56.7705
8643,52.43433
8644,44.871155
8645,45.599483
8646,53.409054
8647,62.783867
8648,61.854275
8649,62.921593
8650,73.754814
8651,96.694405
8652,54.218655
8653,34.447178
8654,58.5094
8655,52.8035
8656,60.40471
8657,57.46114
8658,65.65791
8659,66.159325
8660,61.622463
8661,52.312477
8662,45.481323
8663,46.237778
8664,47.858746
8665,47.57506
8666,47.56262
8667,52.46485
8668,58.467415
8669,58.894352
8670,49.91556
8671,47.644398
8672,66.160194
8673,74.54835
8674,77.328514
8675,74.42428
8676,76.8721
8677,76.65421
8678,69.26334
8679,60.057793
8680,59.04063
8681,59.810013
8682,68.93058
8683,64.31234
8684,59.183304
8685,58.39683
8686,62.480366
8687,66.811066
8688,71.18136
8689,73.86333
8690,80.46938
8691,62.59852
8692,59.878044
8693,57.815903
8694,67.50324
8695,66.97607
8696,74.33358
8697,64.58951
8698,70.562874
8699,66.228905
8700,65.76502
8701,60.887707
8702,65.85054
8703,69.40551
8704,58.855175
8705,61.261814
8706,64.95589
8707,58.913593
8708,51.4716
8709,48.464794
8710,45.061687
8711,45.314365
8712,50.38098
8713,56.137318
8714,51.989758
8715,49.076817
8716,43.018993
8717,45.10371
8718,41.49823
8719,40.32464
8720,45.223072
8721,41.987972
8722,46.86893
8723,47.351673
8724,45.947582
8725,55.33038
8726,48.604786
8727,50.553165
8728,51.632
8729,49.7677
8730,58.10641
8731,55.50584
8732,68.00863
8733,66.64967
8734,61.042336
8735,48.74165
8736,41.23013
8737,41.715023
8738,39.820705
8739,44.45413
8740,41.8297
8741,37.914146
8742,36.42609
8743,36.142334
8744,34.941326
8745,29.569126
8746,20.895773
8747,22.79674
8748,31.403208
8749,49.275448
8750,98.37719
8751,145.82678
8752,165.91277
8753,182.37466
8754,187.0761
8755,182.21873
8756,156.66487
8757,125.443596
8758,97.847404
8759,82.83069
8760,72.82635
